171 309 170 168 311 173 164 312 175 161 314 177 157 316 179 153 319 180 149 320 180 145 322 180 141 323 178 137 323 176 133 324 174 129 324 173 124 324 171 120 324 170 116 324 168 112 324 167 107 325 167 103 325 166 98 326 166 94 327 166 
164 367 204 164 365 202 163 363 201 163 361 200 162 359 199 161 357 197 161 355 196 160 353 195 159 351 194 159 349 193 158 348 191 158 346 190 157 344 189 156 342 188 156 340 186 155 338 185 155 336 183 154 335 182 154 333 180 154 331 179 154 329 177 154 328 176 153 326 174 153 324 174 153 321 173 154 319 173 154 317 173 154 314 173 154 312 174 155 310 174 155 307 175 155 305 176 155 303 177 155 301 177 156 299 178 156 296 179 156 294 179 156 292 180 156 289 180 156 287 180 156 285 181 157 282 181 157 280 180 158 278 180 160 276 179 161 274 179 162 272 178 163 270 177 165 269 177 166 267 176 167 265 175 169 264 174 170 262 174 
105 353 123 108 352 126 111 352 128 114 352 130 117 351 133 120 351 135 123 351 137 126 351 140 129 350 142 132 349 145 135 348 147 137 347 150 140 346 152 143 344 153 145 341 154 147 338 153 148 334 153 150 331 152 150 327 152 151 323 151 151 320 150 151 316 148 150 313 147 150 309 147 151 305 146 153 302 146 155 299 146 157 295 146 158 292 146 160 288 146 161 285 145 
141 399 160 143 397 161 145 394 161 147 392 161 148 389 161 149 386 161 150 383 161 151 380 160 151 377 160 151 374 160 150 371 160 149 368 159 149 365 159 148 362 158 147 359 158 146 356 158 146 354 159 146 351 161 147 349 162 148 346 164 150 343 164 151 341 164 153 338 164 155 336 164 157 334 163 159 331 163 160 328 162 162 326 162 164 324 162 
168 300 180 167 302 180 165 304 179 164 306 179 162 308 179 161 310 179 159 311 180 157 312 181 155 314 181 152 314 181 150 315 181 147 316 181 145 316 180 143 317 179 140 317 178 138 317 177 136 318 176 134 318 175 132 318 173 129 318 172 127 319 171 125 319 170 123 319 169 120 319 168 118 320 167 116 320 166 113 320 165 111 320 164 109 320 163 107 320 162 104 321 160 102 321 159 100 320 158 98 320 157 
169 389 191 168 387 190 167 384 188 166 382 186 165 379 184 164 377 183 163 374 182 162 371 181 161 368 180 160 365 179 159 362 179 158 359 177 158 356 176 157 353 175 156 350 174 155 348 173 155 345 172 154 342 170 154 339 169 153 337 167 153 334 165 
167 309 174 165 311 176 162 313 177 159 315 179 157 316 180 153 318 181 150 320 181 147 321 182 144 323 181 142 325 180 141 328 178 140 331 175 140 333 173 139 336 171 138 338 168 138 341 166 137 343 163 136 345 160 134 347 157 132 348 155 130 350 153 127 351 151 124 353 151 121 355 151 118 357 151 116 360 152 113 362 152 
116 381 162 120 376 162 124 372 161 128 367 160 131 362 160 134 358 160 137 353 163 138 348 166 139 344 170 140 339 174 140 334 177 141 329 180 141 324 181 141 318 181 141 312 179 143 308 175 145 304 171 146 300 167 147 297 162 147 293 158 
182 410 137 181 408 137 180 406 137 180 404 136 179 402 136 178 400 136 177 398 135 176 396 135 175 394 134 175 392 134 174 390 133 173 388 133 173 386 132 172 385 131 171 383 131 171 381 130 170 379 130 170 377 129 169 375 129 169 372 128 168 370 128 168 368 128 167 366 127 167 364 127 167 362 127 167 360 127 168 358 127 168 356 127 168 353 127 169 351 127 169 349 127 170 347 127 170 345 127 171 343 127 171 341 127 172 339 127 172 337 127 173 335 127 174 333 128 174 331 128 174 328 128 175 326 128 175 324 127 175 322 127 175 320 127 175 318 127 175 316 126 175 314 126 
138 391 171 140 386 171 143 381 171 145 376 171 147 371 170 149 366 169 150 361 169 149 355 168 149 350 170 149 345 172 149 341 175 151 336 177 154 331 176 157 328 174 161 324 172 165 321 170 168 318 168 173 315 166 
168 384 114 166 382 116 164 379 117 162 377 119 161 374 120 160 370 121 160 367 122 159 363 123 159 360 123 160 356 124 160 353 124 160 349 125 161 346 126 162 342 127 163 339 128 164 336 129 165 333 131 166 330 132 168 327 134 169 324 136 171 322 138 173 320 140 176 318 142 178 317 144 181 315 145 184 314 147 187 312 148 190 311 149 193 309 149 
171 380 106 169 378 107 168 376 109 166 374 110 165 371 111 165 368 111 164 365 112 163 362 112 163 359 113 163 356 114 162 353 114 162 350 115 162 347 116 163 344 117 163 341 118 163 338 119 163 335 121 164 333 122 165 330 123 165 327 125 166 324 126 167 322 128 168 319 129 169 317 131 171 315 133 173 314 135 175 312 136 177 310 138 179 309 139 181 307 141 183 306 143 
125 402 128 127 397 129 129 392 129 132 387 130 134 382 131 136 377 132 138 372 132 141 368 134 144 364 137 146 360 140 147 356 143 149 351 145 151 347 147 153 342 147 155 337 148 157 332 149 160 327 150 161 322 151 162 318 155 163 315 159 
116 377 162 118 375 162 120 373 161 121 371 160 123 369 160 125 368 159 127 366 158 129 364 157 130 362 157 132 360 156 134 358 156 136 356 156 137 354 157 138 352 158 139 350 160 140 348 162 140 346 164 141 344 166 141 342 168 142 341 170 142 338 172 143 336 173 143 334 175 144 332 177 144 330 178 144 328 180 145 326 182 147 324 183 149 322 182 151 321 182 153 319 181 156 318 181 158 317 180 160 315 179 162 314 177 164 313 176 166 311 175 168 309 174 170 308 173 
167 372 206 166 370 204 165 367 202 165 365 201 164 363 199 163 361 198 162 358 196 162 356 195 161 354 193 160 351 192 159 349 190 159 347 189 158 345 187 157 342 186 156 340 184 156 338 183 155 336 181 155 333 179 154 331 177 155 329 176 155 327 174 157 325 172 158 324 171 160 322 170 161 319 169 163 317 169 164 314 170 166 312 171 167 310 172 169 308 171 
113 388 134 114 386 134 116 384 134 117 382 134 119 380 134 120 378 134 122 376 134 123 374 134 125 372 134 126 370 134 128 368 135 129 366 135 131 364 136 132 362 138 133 361 139 134 359 140 136 357 142 137 356 143 138 354 145 139 352 146 141 351 148 142 350 149 144 348 151 146 347 152 147 345 152 149 343 153 150 341 153 151 339 153 152 336 154 154 334 154 155 332 154 156 329 154 156 327 154 157 325 155 157 322 155 158 320 156 158 318 158 158 316 159 159 314 161 159 312 162 159 310 164 160 308 165 160 306 167 161 304 168 161 302 169 161 299 170 162 297 171 
121 390 124 124 385 125 126 381 127 128 377 129 131 373 132 133 369 134 135 365 137 137 362 140 139 358 144 140 356 148 142 353 152 145 349 154 148 345 155 149 340 155 151 335 154 153 330 154 154 325 155 154 320 155 155 315 156 156 310 158 158 305 158 161 301 158 163 296 157 166 292 157 170 288 156 173 284 155 176 280 155 180 276 154 182 272 154 
183 397 118 180 392 117 178 386 116 176 381 115 174 375 113 173 370 113 171 364 112 170 358 112 169 352 112 168 346 113 167 340 113 167 335 116 167 329 118 167 324 121 168 319 124 170 315 128 173 311 131 177 308 134 180 305 138 184 302 141 188 299 145 
117 398 133 120 393 133 123 388 133 125 383 134 128 378 135 131 373 136 134 369 139 136 364 141 138 360 145 139 357 149 141 353 153 144 349 155 147 344 155 149 339 154 150 333 154 152 328 153 152 322 152 152 317 152 152 311 151 150 307 147 148 303 143 146 299 140 145 294 137 
111 370 107 113 367 111 116 363 114 119 362 118 123 361 122 127 360 126 131 359 130 135 357 133 139 354 136 144 351 137 146 347 139 147 341 139 149 336 139 151 331 139 153 326 138 155 320 137 156 315 137 157 310 137 159 304 138 161 299 139 163 294 140 165 289 140 168 284 141 171 280 141 
172 306 172 168 308 174 164 310 177 160 313 179 155 315 180 151 317 180 145 318 180 141 319 178 136 319 175 131 320 173 126 320 171 122 321 169 117 321 167 112 322 164 107 322 162 102 322 161 97 322 159 
172 378 210 170 375 207 168 371 204 167 368 201 165 364 198 164 360 196 163 356 193 162 352 191 160 348 188 159 344 186 158 341 183 157 337 181 156 333 178 157 329 175 160 326 172 162 323 170 165 321 167 169 318 165 173 316 163 
106 381 143 110 377 142 114 374 142 118 370 141 122 367 140 126 363 140 130 360 141 133 356 143 135 353 147 138 350 150 140 347 154 143 345 158 147 342 160 151 338 161 154 334 161 156 329 161 158 324 162 159 319 164 160 315 167 160 311 170 161 306 172 162 302 175 163 297 178 
159 374 202 160 371 199 159 367 196 158 362 194 157 358 192 156 354 190 155 349 188 154 345 186 153 341 185 150 338 182 147 335 179 145 332 176 144 328 173 146 324 170 147 321 168 148 316 165 148 313 162 148 309 159 148 305 156 147 302 153 145 299 149 144 296 146 142 293 142 
164 381 110 162 377 113 159 372 116 159 366 117 158 360 117 159 354 118 159 349 119 160 343 121 160 337 123 161 332 124 162 326 126 163 321 127 165 315 128 164 309 127 164 304 126 165 298 125 168 293 126 
133 396 134 135 392 134 137 388 135 138 384 136 140 380 136 142 376 137 144 372 138 146 368 139 147 364 141 147 361 144 147 358 148 148 354 151 149 350 153 151 347 153 153 343 154 156 339 155 158 335 155 160 331 154 162 327 155 163 323 157 
167 311 170 163 315 173 159 318 175 154 321 177 149 324 177 143 326 176 138 327 173 133 327 170 128 327 168 122 326 165 117 326 163 112 326 160 106 325 158 101 325 155 96 324 153 
175 311 168 171 312 170 168 314 173 165 316 175 162 319 178 160 321 180 158 323 183 158 326 187 158 329 190 160 332 193 161 335 196 163 338 199 165 340 202 166 343 205 168 345 209 170 347 212 172 348 216 173 350 220 176 352 223 178 353 226 180 355 230 182 356 233 185 358 237 187 359 240 191 360 243 
173 399 122 172 396 122 171 392 122 170 389 122 168 385 122 167 382 122 165 379 123 163 376 123 162 373 124 160 370 125 159 366 126 158 363 127 158 360 127 157 356 128 157 352 128 157 349 129 158 345 129 158 342 130 159 338 130 159 335 131 160 331 131 161 328 132 162 324 132 163 321 133 163 317 133 
151 410 141 152 408 142 154 405 142 155 402 143 156 400 143 157 397 143 157 394 144 158 391 144 158 388 144 157 386 143 156 383 143 156 380 143 155 377 142 154 374 142 154 372 142 153 369 142 152 366 143 151 364 143 149 361 143 148 359 143 146 356 142 145 354 142 145 351 142 145 348 142 146 345 141 147 342 141 148 340 141 149 337 141 150 334 140 151 332 140 152 329 140 153 326 140 154 323 140 154 320 139 154 318 139 154 315 139 154 312 138 154 309 138 153 306 137 154 303 137 
158 364 215 160 361 210 159 356 206 158 352 203 157 347 200 155 342 197 154 337 194 152 333 190 152 329 186 156 325 182 160 322 179 164 319 176 168 316 173 172 314 170 177 311 167 181 310 164 
169 416 163 169 413 163 169 410 163 169 407 163 169 404 163 169 401 162 168 398 162 167 395 161 166 393 161 165 390 161 164 387 160 163 384 160 161 382 159 161 379 159 160 376 159 159 373 158 158 370 158 158 367 157 157 365 157 156 362 157 156 359 156 155 356 156 155 353 155 155 350 155 156 347 155 157 344 155 158 342 155 160 339 154 161 337 154 163 334 154 164 332 154 166 329 153 168 327 153 171 325 152 173 323 152 175 322 152 177 320 152 180 318 152 182 316 152 185 315 152 187 313 152 
97 359 138 100 355 139 104 352 139 108 349 139 113 348 140 117 347 141 122 347 143 126 347 145 130 346 147 135 346 150 138 346 153 142 344 156 145 342 159 149 339 160 152 336 161 155 332 161 156 327 161 157 322 162 158 318 164 159 314 166 160 310 169 160 306 172 161 302 174 162 298 177 162 293 179 
142 410 158 146 405 158 149 400 158 153 396 158 156 391 158 159 386 158 158 380 157 157 374 156 155 369 156 154 363 155 153 357 154 151 352 153 152 346 153 155 341 153 157 336 153 160 331 153 162 325 154 
174 302 174 170 304 177 167 305 180 163 307 182 160 309 185 156 311 187 152 313 188 148 315 190 144 318 191 140 321 193 136 323 194 132 325 196 129 327 198 125 330 200 121 332 202 117 335 204 114 337 205 110 340 207 106 343 208 102 346 209 
108 337 117 111 338 120 113 338 122 116 338 125 119 339 127 122 339 129 125 340 132 128 340 134 131 340 136 133 340 139 136 340 141 139 339 144 141 337 146 143 334 146 145 330 146 146 327 146 146 323 145 145 320 144 144 316 143 143 313 142 141 310 141 139 308 139 137 305 138 135 302 136 132 300 134 131 297 132 129 295 129 127 293 127 
121 395 139 122 393 139 123 391 139 124 389 139 125 387 139 126 385 139 127 383 139 129 382 139 130 380 139 131 378 139 132 376 139 133 374 140 134 373 140 135 371 141 136 369 142 137 367 142 138 365 143 139 364 145 140 362 146 140 361 148 141 359 149 141 358 151 142 357 153 142 355 154 142 354 156 143 353 157 143 351 159 144 350 161 145 348 162 145 346 163 147 345 163 148 343 163 149 341 164 151 339 164 152 338 164 153 336 163 154 334 163 155 332 163 156 330 163 157 328 163 157 326 164 158 324 165 158 322 166 158 320 167 159 318 168 159 316 169 159 315 170 160 313 171 160 311 172 160 309 173 160 307 174 160 305 175 160 303 176 160 301 177 161 299 178 161 297 179 161 295 179 161 293 180 162 291 181 162 289 181 162 287 182 
173 409 139 171 405 139 170 400 138 168 395 138 166 390 137 164 386 136 162 381 135 160 376 135 159 371 135 157 366 135 156 361 136 155 356 136 155 351 137 157 346 138 158 342 138 159 337 139 161 332 140 162 327 141 163 322 141 
129 391 113 130 388 115 132 385 116 134 381 117 135 378 118 137 375 120 138 372 122 140 369 124 141 367 126 142 364 128 144 361 130 145 358 132 147 355 133 148 352 135 148 348 136 148 344 136 148 341 136 149 337 135 150 333 135 151 330 134 153 327 134 154 323 133 155 320 133 156 316 133 157 312 133 156 309 132 156 305 131 
173 403 136 171 398 135 170 393 134 168 388 132 166 383 130 165 378 129 163 373 128 161 368 128 160 362 129 159 357 129 159 352 130 160 346 131 161 341 132 162 336 132 164 330 134 166 326 136 168 322 139 
145 408 158 146 406 158 147 404 159 148 402 159 150 400 159 151 398 160 152 396 160 153 395 160 155 393 160 156 391 161 157 389 161 158 387 161 158 385 161 158 383 161 158 380 161 157 378 161 157 376 161 156 374 160 156 372 160 155 370 160 155 368 159 154 365 159 154 363 159 153 361 158 153 359 158 152 357 158 152 355 157 151 353 157 151 350 157 151 348 156 152 346 157 153 344 157 154 342 157 155 340 157 157 338 157 158 336 157 159 335 157 160 333 157 161 331 157 162 329 157 163 327 157 165 325 157 
119 398 127 121 394 127 124 390 128 126 386 129 129 382 130 131 378 132 133 374 134 135 370 136 137 366 138 139 363 141 140 360 145 142 357 149 143 355 153 144 351 156 147 347 157 150 343 158 151 339 158 153 334 158 154 329 159 155 325 161 156 321 163 156 316 166 157 312 168 158 308 171 158 304 173 158 299 176 158 295 177 159 290 179 159 285 179 161 281 180 163 276 179 
163 301 180 162 305 177 161 309 175 160 313 173 158 317 174 154 320 175 150 322 176 146 324 175 142 325 174 138 326 172 133 326 170 129 326 168 125 326 166 120 326 165 116 326 163 111 327 162 107 327 160 102 327 159 98 327 158 
153 411 144 155 406 145 157 401 146 160 396 147 162 391 147 161 385 147 160 380 146 158 375 145 157 370 145 156 365 144 155 359 143 154 354 143 155 349 144 157 344 144 159 339 145 161 334 145 163 329 146 
158 412 137 160 408 137 161 405 138 163 401 138 164 398 139 165 394 139 164 390 138 163 387 138 163 383 137 162 379 137 161 376 136 160 372 136 159 368 135 158 365 135 157 361 136 157 357 136 157 353 137 157 350 137 158 346 138 160 342 138 161 339 139 163 336 139 164 332 140 166 329 141 168 326 142 170 323 144 
160 403 129 161 399 130 162 395 130 162 390 130 162 385 130 161 381 129 160 377 129 158 372 129 156 368 130 155 364 131 153 360 132 153 355 132 153 351 133 154 346 134 155 342 134 156 337 135 157 333 135 158 329 136 159 324 136 160 320 136 161 315 136 162 311 137 164 307 138 166 303 139 168 299 140 170 295 141 172 291 142 175 287 142 
147 396 133 148 392 133 150 389 134 152 385 134 153 381 135 154 377 135 153 373 135 152 369 135 151 365 136 150 362 138 150 358 139 150 354 141 151 350 141 152 346 142 153 342 142 154 339 143 155 335 144 156 331 144 157 327 145 158 323 145 159 319 147 159 316 150 160 313 152 161 310 155 162 306 156 163 303 157 
178 299 175 175 300 176 172 300 178 170 301 180 167 302 181 164 303 183 162 305 185 159 306 186 157 307 188 154 308 189 151 310 191 148 311 192 146 313 193 143 315 195 141 316 195 138 318 197 135 320 198 133 321 200 130 323 201 128 324 202 125 326 204 122 327 205 120 329 206 117 331 207 115 333 208 112 334 209 
145 404 145 146 402 145 147 400 145 148 398 146 149 395 146 151 393 146 152 391 146 153 389 146 153 386 146 154 384 146 154 381 146 154 379 145 154 376 145 153 374 145 153 371 144 152 369 144 152 367 144 151 364 144 150 362 144 149 360 144 148 357 143 146 355 143 145 353 143 144 351 142 143 349 142 143 346 142 143 344 141 143 342 141 144 339 141 145 337 140 146 335 140 148 333 140 149 330 140 150 328 139 151 326 139 152 324 139 153 322 139 154 319 139 154 317 139 154 314 139 154 312 139 155 309 138 155 307 139 156 304 139 157 302 139 158 300 140 159 297 140 160 295 140 161 293 140 162 291 140 163 288 140 164 286 140 166 284 140 
154 411 158 155 409 158 156 406 159 157 403 159 159 401 160 160 398 160 161 396 160 162 393 160 162 390 160 161 387 160 161 384 160 160 381 160 159 379 160 159 376 159 158 373 159 157 370 159 157 368 158 156 365 158 155 362 157 155 359 157 154 356 157 154 354 156 153 351 156 154 348 156 155 345 156 157 343 156 158 340 155 159 338 155 161 335 155 162 333 155 164 330 154 166 328 154 168 326 154 170 325 153 172 323 153 174 321 152 
110 352 128 114 351 131 118 351 134 122 351 137 126 350 141 129 349 144 133 348 147 137 347 150 140 345 153 144 342 154 146 337 154 148 333 153 150 328 152 151 323 151 152 318 151 152 313 149 152 308 149 154 303 149 156 299 149 158 294 149 160 290 149 163 285 149 166 281 148 168 277 147 
165 387 116 164 384 118 162 380 120 160 377 122 158 374 124 157 370 125 156 366 126 156 362 127 155 358 128 155 354 128 155 350 129 156 346 129 156 342 130 156 338 130 157 334 131 158 330 132 159 326 132 160 322 132 161 318 132 161 314 131 160 310 130 160 306 130 162 302 130 163 299 131 165 295 131 166 291 132 168 287 132 170 284 133 
158 373 204 159 371 202 160 369 200 159 367 199 159 365 197 159 363 196 158 360 194 157 358 193 157 356 191 156 353 190 155 351 188 155 349 187 154 347 185 153 344 184 152 342 183 152 339 182 151 337 181 150 335 179 149 333 177 147 331 176 146 329 174 145 327 172 145 325 170 145 323 169 146 321 167 147 319 166 148 316 164 149 314 163 149 312 162 150 309 160 150 307 159 150 304 158 150 301 157 
172 346 106 171 342 108 170 339 110 170 335 112 169 331 114 169 327 116 169 324 118 169 320 121 169 317 124 171 314 127 173 312 130 176 310 132 180 308 135 182 307 138 185 306 141 188 305 144 192 304 147 
118 389 166 120 386 166 122 382 166 124 379 165 127 375 164 129 372 163 131 369 162 134 366 161 136 362 160 139 359 159 142 356 160 143 353 163 144 350 166 144 347 169 145 344 172 146 341 174 147 338 177 149 334 179 150 331 180 153 327 179 156 325 177 159 322 176 162 320 174 164 317 172 167 315 170 171 313 169 
130 400 121 132 397 122 134 394 122 135 391 123 137 388 124 138 385 125 140 382 127 141 379 128 142 376 130 143 374 132 144 371 134 145 368 136 145 366 138 146 364 141 146 361 144 146 359 146 147 356 147 149 353 148 151 350 149 152 347 149 154 344 150 156 341 150 158 338 151 159 335 151 161 332 151 162 329 151 164 326 152 
174 388 111 171 385 113 169 382 115 167 380 117 164 377 120 162 374 122 160 371 124 159 367 125 157 363 126 157 359 127 157 355 128 157 351 128 157 347 129 157 343 130 158 338 130 158 334 131 159 330 131 160 326 132 161 322 132 162 318 132 
167 386 114 165 383 116 163 381 118 161 378 120 159 375 122 158 372 124 156 369 126 155 366 128 154 362 129 153 358 129 153 355 130 153 351 131 154 347 131 154 343 132 155 339 132 156 336 132 157 332 133 158 328 133 159 324 134 160 321 134 161 317 133 
171 412 177 171 407 176 170 403 175 168 398 174 167 394 173 166 390 171 164 385 170 163 381 168 161 376 167 160 372 166 158 367 164 157 363 163 156 359 161 155 354 160 154 349 158 155 345 158 158 340 158 160 336 157 163 332 157 165 328 156 169 325 156 
157 411 163 158 408 163 159 405 163 160 401 163 161 398 163 162 395 163 162 391 163 162 388 163 161 385 163 160 381 163 159 378 163 159 375 162 158 372 162 157 368 161 156 365 161 156 362 160 155 359 160 154 355 159 154 352 159 154 349 158 155 345 158 156 342 158 158 339 158 160 337 157 161 334 157 163 331 156 165 328 156 168 326 156 
169 306 175 167 307 177 165 308 178 163 309 179 161 310 181 159 311 182 157 312 183 155 313 184 153 314 184 150 315 184 148 316 184 146 316 184 143 317 184 141 318 183 138 318 182 136 319 181 134 319 180 131 319 179 129 319 178 127 320 177 124 320 176 122 320 176 119 321 176 117 321 175 114 322 175 112 322 174 109 323 174 107 324 174 104 325 174 102 325 174 100 326 174 
167 391 191 166 386 188 165 382 186 163 377 185 162 372 183 161 368 181 160 363 179 159 359 176 158 354 174 157 349 172 156 345 170 156 340 168 158 336 167 161 332 166 165 328 164 168 325 162 172 322 160 176 319 159 180 317 157 
168 402 173 167 398 172 166 394 170 164 389 170 163 385 169 161 381 168 160 377 167 158 372 167 157 368 166 156 363 165 155 359 165 155 355 163 154 350 162 154 346 161 155 342 161 158 338 160 160 334 160 163 330 159 165 327 158 169 324 158 172 321 157 
167 283 165 165 285 166 163 288 166 161 291 167 159 295 167 158 298 167 157 301 166 157 305 165 156 308 164 156 311 163 155 315 162 155 318 160 154 321 160 153 325 160 151 328 161 150 331 161 148 334 161 146 337 160 143 338 159 140 339 157 137 340 155 135 341 152 132 341 150 129 342 148 126 342 147 123 342 145 120 342 143 117 342 141 113 342 140 110 341 138 107 341 137 
164 284 172 162 286 173 161 290 173 160 293 173 159 296 172 159 300 171 158 303 170 158 306 169 157 309 167 157 312 165 157 315 163 156 317 161 156 321 160 155 324 159 154 327 159 153 330 159 152 334 159 150 337 159 148 339 159 145 341 158 143 343 157 140 344 154 137 344 152 135 344 150 132 344 148 129 344 147 126 344 145 122 344 144 119 343 143 116 343 141 113 343 140 110 343 139 106 343 138 103 343 137 
180 310 166 178 310 167 176 311 168 174 312 169 172 313 170 170 314 171 168 315 172 166 316 173 165 317 174 163 319 176 162 320 177 161 321 179 159 322 180 158 324 182 158 325 183 157 327 185 158 328 187 158 330 188 159 332 190 159 333 192 160 335 193 161 336 195 162 338 196 163 339 198 164 341 200 164 342 201 165 343 203 166 345 205 167 346 207 168 347 208 169 348 210 170 349 212 171 350 214 172 351 216 173 352 218 174 352 220 175 353 222 176 354 224 177 355 226 179 356 227 180 357 229 181 358 231 182 358 233 183 359 235 185 360 236 186 361 238 187 362 240 
118 391 149 120 387 149 123 383 149 125 379 149 128 376 149 131 372 149 134 368 149 136 364 150 138 360 153 140 357 156 140 353 159 141 350 163 142 346 166 143 343 169 144 339 172 147 336 172 150 332 172 153 329 171 157 325 170 159 321 169 162 317 169 164 313 170 165 309 173 167 305 175 
131 376 116 132 374 118 134 371 121 135 369 123 137 366 125 139 363 127 141 360 128 143 357 129 145 354 129 146 351 129 146 347 129 147 343 129 147 340 128 147 336 127 148 332 127 149 329 126 150 325 125 151 322 125 151 318 124 151 315 122 150 312 120 149 309 118 148 306 116 147 304 113 146 301 111 
175 419 140 175 413 140 173 407 139 171 402 138 169 396 137 166 391 136 164 385 136 162 380 135 160 375 134 157 369 133 155 364 134 154 358 134 154 352 135 155 346 136 157 341 137 158 335 138 160 329 139 161 323 139 162 318 140 
111 391 155 114 386 155 118 381 155 122 377 154 125 372 153 129 368 153 133 363 152 137 358 151 140 354 153 142 350 158 143 346 162 145 342 166 148 338 169 152 334 169 156 329 168 160 325 167 163 320 166 167 316 166 
185 387 228 182 384 224 180 381 220 178 378 217 175 374 213 173 371 209 171 367 206 169 363 203 167 359 200 165 354 197 164 350 194 162 345 191 161 341 188 160 336 186 162 331 185 164 325 184 
121 399 148 122 395 148 124 391 148 126 387 148 128 383 148 130 380 148 132 376 148 134 372 148 136 368 148 138 364 148 140 361 149 142 358 151 143 355 154 144 353 158 145 350 161 146 347 164 147 344 166 149 340 167 152 337 166 155 334 166 158 331 166 160 327 165 163 324 164 165 320 164 
124 392 114 126 388 116 127 385 117 129 381 119 130 377 121 132 374 123 134 371 125 135 368 127 137 364 130 139 361 132 141 358 134 142 355 136 144 351 139 146 348 140 147 344 140 148 340 140 149 336 140 151 332 140 152 328 139 154 324 139 156 320 139 156 315 139 157 311 138 158 307 139 160 303 140 162 299 141 163 295 141 165 292 141 167 288 142 169 284 142 171 280 142 
109 352 125 112 352 127 115 351 129 117 351 131 120 351 133 123 351 136 125 350 138 128 350 140 130 350 142 133 349 144 136 349 146 138 348 149 141 347 151 143 346 153 146 345 155 148 342 156 150 340 156 152 337 156 153 333 156 154 330 156 155 327 156 156 324 156 156 320 157 157 317 158 157 314 160 158 311 161 158 308 163 158 305 164 159 302 165 160 299 166 162 295 166 163 292 166 165 289 166 
168 370 209 167 368 207 166 366 205 165 364 204 165 362 202 164 359 201 163 357 199 163 355 198 162 353 196 161 351 195 160 348 194 160 346 192 159 344 191 158 342 189 158 340 188 157 338 187 156 335 185 156 333 183 155 331 182 155 329 180 156 327 178 157 326 177 159 324 175 161 322 174 162 321 172 164 319 171 166 318 170 168 316 168 
166 387 116 165 385 117 163 383 119 162 381 120 161 379 122 159 376 123 158 374 124 157 371 125 157 369 126 156 366 127 156 363 127 156 360 127 157 357 128 157 354 128 157 351 129 157 348 129 158 345 129 158 342 130 159 339 130 159 337 131 159 334 131 160 331 131 161 328 132 162 325 132 162 322 133 163 319 133 164 317 133 
178 406 192 177 402 189 175 398 186 173 393 183 171 389 181 168 385 178 166 381 175 164 376 174 162 371 172 161 365 170 159 360 169 157 355 167 156 350 165 156 345 163 158 340 163 161 335 162 164 331 161 168 327 159 172 323 158 176 320 157 181 317 155 
142 313 177 144 317 180 146 320 184 149 322 187 152 324 191 154 328 194 155 331 197 157 335 200 159 339 204 160 342 207 162 346 210 163 349 214 165 353 217 166 355 222 
112 373 159 116 370 158 119 366 158 123 363 157 127 359 156 131 356 155 135 352 155 137 348 158 139 345 162 140 342 166 141 338 170 142 334 173 143 330 176 145 327 179 149 323 180 154 321 179 158 318 178 162 314 176 165 312 174 
184 394 219 182 392 216 181 390 213 179 387 210 178 385 207 176 383 205 174 381 202 173 378 199 171 376 196 169 373 194 168 370 192 166 367 190 165 364 188 163 361 187 162 358 185 161 354 183 160 351 181 159 348 179 158 345 177 158 342 175 158 338 173 159 335 171 161 332 169 163 330 167 166 328 165 168 325 163 171 323 162 174 321 160 177 320 158 181 318 157 184 316 156 
143 319 173 144 323 177 146 326 180 148 328 184 150 331 187 152 335 189 153 339 193 153 342 197 151 345 200 150 348 204 148 351 208 146 354 211 143 356 215 
138 395 141 140 390 142 142 386 142 144 381 143 146 376 144 148 371 145 149 366 145 148 361 147 146 357 148 147 352 150 149 348 152 152 344 153 155 339 154 158 335 154 160 331 154 162 326 154 164 321 157 165 319 161 
157 391 117 158 388 118 158 385 119 158 382 120 157 380 122 157 377 124 155 375 126 154 372 127 153 369 128 153 366 129 153 363 130 153 360 131 154 356 131 155 353 132 156 350 132 157 347 132 158 344 133 159 341 134 160 338 134 162 335 135 163 332 136 164 330 137 165 327 139 167 324 140 169 322 141 
164 380 196 164 378 195 163 376 193 163 373 193 162 371 192 162 369 190 161 366 189 160 364 188 160 362 186 159 360 185 158 358 184 158 356 182 157 354 181 156 352 180 156 349 178 155 347 177 154 345 176 153 343 174 152 341 173 151 339 171 150 337 170 150 335 169 150 333 167 151 330 167 151 327 166 152 325 166 152 322 166 153 320 167 154 317 167 154 315 166 154 312 167 155 310 167 155 307 168 155 304 168 155 302 169 156 299 169 156 297 169 157 294 169 158 292 169 159 290 169 161 288 169 163 286 168 164 283 168 166 282 167 167 280 167 169 278 166 171 276 165 173 274 165 174 272 164 
149 390 113 150 388 114 151 386 116 151 384 117 152 382 118 152 379 120 152 377 121 152 375 122 152 373 123 152 371 125 152 369 126 152 366 127 152 364 127 152 361 128 153 359 128 153 357 128 154 354 129 154 352 129 155 349 129 155 347 130 156 344 130 156 342 130 157 340 130 157 337 131 158 335 131 159 332 131 159 330 131 159 327 131 160 325 131 160 322 131 160 320 130 160 318 130 160 315 129 159 313 128 159 310 128 158 308 127 158 306 127 158 303 126 158 301 126 158 298 125 158 296 125 159 293 125 
105 376 149 108 373 148 111 370 148 115 367 147 118 364 146 122 361 146 125 358 145 128 355 145 131 351 147 134 350 150 137 348 154 139 346 157 141 344 160 143 341 163 147 338 165 150 335 165 153 332 165 155 328 165 156 323 165 158 319 167 158 315 169 159 311 171 160 307 173 160 303 176 161 300 178 161 296 180 162 292 183 162 288 185 163 284 186 
126 399 133 128 395 134 130 390 134 132 386 135 134 382 135 136 377 136 138 373 136 140 368 137 142 365 140 144 361 142 145 358 146 147 354 149 148 350 151 151 346 152 154 342 153 156 338 153 158 333 153 160 329 153 162 324 155 162 320 158 
144 294 146 145 297 151 147 300 155 147 304 159 147 308 163 145 312 167 143 316 170 143 320 174 145 324 178 148 327 182 150 331 186 152 335 189 153 340 193 154 344 197 153 347 201 151 351 205 149 354 209 146 357 213 
154 363 130 156 358 131 157 353 131 159 348 132 161 344 133 163 339 134 165 335 136 168 331 137 170 327 139 173 323 142 176 321 144 180 318 146 184 315 148 189 313 149 193 311 150 198 309 151 
100 347 133 103 346 134 106 346 135 108 346 136 111 346 138 114 346 139 117 346 141 119 346 143 122 346 144 125 346 146 127 345 148 130 345 150 132 345 152 135 344 154 137 343 156 139 342 158 141 341 160 144 339 160 146 336 160 147 333 160 148 331 160 149 328 159 150 325 158 150 322 157 150 319 156 150 316 155 150 313 154 149 310 152 148 308 150 147 306 148 146 303 146 145 301 144 144 299 142 143 296 140 142 294 139 141 291 137 141 289 135 140 286 134 140 283 132 140 280 131 
160 321 168 156 325 170 152 328 170 148 331 170 143 334 169 138 334 166 133 335 164 128 335 162 123 335 160 118 336 158 113 337 158 108 339 158 104 343 158 99 346 158 
174 312 169 170 313 170 168 315 172 165 317 174 163 319 176 160 321 178 158 323 180 157 325 182 157 328 185 157 330 188 159 333 190 160 336 192 161 338 195 162 340 197 164 343 200 165 345 203 166 347 205 168 349 208 169 351 211 170 354 214 172 356 216 173 358 219 175 360 222 177 361 224 178 363 227 180 365 230 181 367 233 183 368 236 185 370 239 187 372 241 
179 398 122 178 396 122 177 394 122 176 392 122 175 391 122 174 389 122 173 387 122 172 385 122 171 383 122 170 381 121 170 379 121 169 377 121 168 375 121 167 373 121 167 371 122 166 369 122 165 367 122 165 365 122 164 363 122 164 361 123 163 359 123 163 357 123 163 355 123 163 353 124 163 351 124 163 349 124 163 346 124 163 344 125 164 342 125 164 340 125 164 338 126 165 336 127 165 334 127 166 332 128 166 330 129 167 329 130 167 327 131 168 325 132 169 324 133 170 322 134 171 321 135 172 320 136 174 319 138 175 318 139 177 317 140 178 316 141 180 315 142 181 314 144 183 313 145 185 312 146 186 312 147 188 311 147 190 311 148 192 310 148 194 310 149 
151 296 155 150 299 156 150 302 158 150 305 159 150 308 161 149 311 162 148 314 164 147 317 166 145 319 168 143 321 169 140 322 168 137 323 167 134 323 165 131 323 163 128 323 162 125 323 160 122 323 158 119 323 156 116 323 154 113 322 152 111 322 150 108 321 148 107 318 145 
148 394 113 150 390 114 151 386 116 152 382 119 153 378 121 152 374 124 152 370 126 151 366 128 152 361 129 153 357 129 154 352 130 155 348 130 156 343 131 157 339 131 158 334 132 159 329 132 160 325 131 160 320 131 159 316 129 158 311 128 158 307 127 160 303 128 163 299 129 165 295 130 167 291 131 169 287 132 171 283 134 
112 380 149 115 376 148 118 372 148 121 369 147 124 365 146 128 362 146 131 358 146 134 355 148 136 352 151 138 349 154 140 346 158 142 344 161 144 341 164 148 338 166 151 334 166 154 331 166 157 326 165 158 322 166 160 317 168 160 313 170 161 309 172 162 305 175 163 301 178 163 297 180 
159 371 207 160 367 203 159 363 200 158 358 197 157 353 193 155 348 190 154 343 187 152 339 184 150 334 182 148 330 178 145 326 175 144 322 171 145 317 168 147 313 164 148 308 161 148 304 157 148 300 153 146 296 149 
164 385 118 163 384 119 162 382 120 161 380 121 160 378 123 159 376 124 158 374 125 157 372 126 156 370 127 156 368 127 156 365 128 156 363 128 156 361 128 156 358 129 157 356 129 157 353 129 158 351 130 158 349 130 159 346 130 159 344 131 160 342 131 161 339 132 161 337 132 162 335 133 163 333 134 164 331 135 165 329 136 166 327 137 167 325 138 168 323 140 170 322 141 171 320 142 173 319 143 
152 406 140 154 401 141 156 395 142 157 390 141 158 384 141 157 379 140 156 373 140 155 368 139 153 362 139 152 357 139 152 351 140 153 346 140 155 340 141 156 335 142 157 329 143 159 324 143 160 319 146 161 315 150 162 311 154 163 306 156 
189 386 228 186 384 225 183 381 221 181 379 217 179 376 214 176 373 210 174 371 207 171 368 203 169 365 200 167 362 196 165 359 193 163 355 190 162 351 187 160 348 184 159 344 181 158 340 178 158 335 176 159 331 173 162 328 170 165 325 168 168 322 165 172 320 163 176 317 161 
