177 205 119 176 207 121 176 209 123 175 211 126 174 213 127 173 215 129 171 216 131 169 218 132 167 219 134 165 220 136 163 221 138 161 221 140 159 222 141 157 223 143 155 223 145 153 223 148 151 223 150 150 223 153 149 222 156 148 221 158 147 220 161 147 219 164 147 218 166 147 217 169 147 216 172 147 214 174 147 213 177 147 212 179 147 211 182 146 210 185 145 209 188 145 208 190 144 206 193 143 205 195 142 204 198 142 203 200 142 202 203 142 201 206 142 199 208 143 198 211 144 197 213 145 196 216 146 194 218 147 193 221 147 192 223 148 191 226 148 190 229 149 188 231 149 187 234 149 186 236 150 185 239 151 183 242 151 182 244 152 181 247 153 179 249 154 178 251 154 176 254 155 175 256 156 173 259 157 172 261 159 171 263 160 170 266 161 169 268 163 168 270 164 167 273 165 166 275 166 165 278 168 164 280 169 163 283 
169 213 117 168 214 119 167 215 122 166 217 124 164 218 125 163 219 127 161 220 129 159 221 131 157 221 133 155 222 135 153 222 136 151 222 138 149 222 140 147 221 142 146 220 144 145 218 146 144 217 148 143 215 150 142 213 151 140 211 152 139 209 153 138 207 154 137 204 155 136 202 156 136 199 157 135 197 158 134 195 159 134 192 161 133 190 162 133 188 164 133 186 166 132 184 167 132 182 169 132 180 171 132 177 173 133 176 174 133 174 176 134 172 179 134 171 181 135 169 183 136 167 185 138 166 187 139 165 189 141 165 191 143 164 192 146 164 193 148 164 194 150 163 196 151 162 198 152 160 200 152 159 203 153 157 205 154 156 207 155 155 209 156 153 211 157 152 214 158 151 216 159 150 218 160 148 220 162 147 222 163 145 224 164 144 226 166 143 228 167 141 230 168 140 231 169 138 233 170 136 235 171 135 237 172 133 239 173 131 241 174 129 242 176 128 244 177 126 246 178 124 247 179 122 249 
167 212 132 163 214 135 160 216 138 156 218 142 152 220 145 149 220 149 147 219 154 146 217 158 145 214 162 144 211 167 144 207 171 144 204 175 143 202 179 143 199 184 141 196 188 140 194 192 139 191 197 139 188 201 141 185 205 144 182 209 146 180 212 147 177 217 149 175 221 150 173 226 152 171 231 153 169 235 155 167 240 156 164 244 158 162 249 159 159 253 161 156 257 163 153 260 165 150 264 167 147 268 169 144 272 
170 213 130 165 215 133 161 218 135 157 220 138 154 222 142 150 223 146 147 222 150 145 220 155 144 217 159 144 213 164 144 210 168 144 207 172 144 204 177 143 201 182 142 198 186 141 195 191 140 193 196 139 189 200 141 186 204 144 184 208 146 181 212 148 178 217 149 176 222 151 174 226 153 172 231 154 170 236 156 168 241 157 165 245 158 162 250 160 159 254 162 156 258 164 153 262 166 149 266 168 147 270 171 145 275 
165 211 134 163 212 135 160 214 136 158 215 138 156 216 141 154 217 143 151 217 145 150 216 147 149 215 150 148 214 153 147 212 156 146 210 158 145 208 160 143 206 162 142 203 164 141 201 165 140 198 167 139 196 169 139 194 171 138 192 173 138 189 176 137 188 178 137 186 181 138 184 184 139 183 187 140 182 190 141 181 192 143 180 195 145 179 197 146 177 199 148 175 201 149 173 204 149 171 206 150 170 209 151 168 211 152 167 214 153 166 217 154 164 220 155 163 223 156 162 226 157 161 228 157 159 231 158 158 234 159 157 237 160 155 240 161 154 242 162 152 245 163 150 247 165 149 250 166 147 252 167 145 254 168 143 256 169 141 259 170 139 261 172 137 264 173 135 266 
180 214 151 179 215 153 177 216 155 176 217 157 174 218 159 173 219 162 171 220 164 169 219 165 167 219 166 164 219 168 162 218 169 160 218 171 157 216 171 155 215 172 153 213 173 152 212 175 150 211 178 149 210 180 149 209 182 148 207 185 147 206 187 146 205 189 146 204 192 146 203 195 146 203 197 147 202 200 148 202 203 148 200 205 149 199 207 149 198 210 149 197 212 149 195 215 149 194 218 150 193 220 150 192 223 150 191 225 151 190 227 152 188 230 152 187 232 153 185 234 154 184 237 154 182 239 155 180 241 156 179 243 157 177 245 158 176 247 160 175 249 161 173 251 162 172 254 163 171 256 165 170 258 166 169 260 168 168 262 169 167 264 171 166 267 172 165 269 174 165 271 175 164 273 177 163 275 178 163 278 
176 213 147 172 213 148 168 213 149 165 213 150 161 213 152 158 213 154 155 213 156 152 212 158 150 211 161 149 209 164 147 207 167 146 205 170 144 203 173 143 201 176 143 199 179 142 197 182 141 195 185 141 193 189 142 192 192 144 192 196 146 191 199 148 190 202 149 188 205 149 186 209 150 185 212 150 183 215 151 181 219 152 179 222 153 177 225 154 175 228 156 173 231 157 171 234 159 169 236 160 167 239 161 164 242 163 162 245 164 160 248 166 158 250 167 156 253 169 154 256 171 152 258 173 150 261 
169 211 132 165 213 134 162 215 137 159 216 140 155 218 142 152 219 145 148 219 148 147 218 152 145 216 156 144 214 160 144 211 163 143 208 166 143 205 170 142 202 173 141 199 177 140 197 180 139 194 184 138 191 187 137 188 191 137 186 195 137 183 198 139 180 201 141 177 204 143 174 207 144 171 210 146 168 213 147 166 217 148 164 221 150 161 224 151 159 228 152 158 232 153 156 236 155 154 240 156 153 244 157 151 248 158 149 252 160 146 256 161 144 259 162 142 263 163 139 267 164 137 271 
172 212 152 169 212 153 166 212 153 163 212 154 160 212 154 157 212 155 155 212 157 153 211 159 151 210 161 150 209 163 148 207 165 147 206 167 145 204 169 144 202 172 143 200 174 142 198 176 142 197 178 141 195 181 140 193 183 140 191 186 140 190 188 140 188 191 141 187 193 142 186 196 144 185 198 146 184 200 147 182 202 148 180 205 149 179 207 149 177 210 150 176 212 151 174 215 152 173 217 152 171 219 153 170 222 154 168 224 155 167 227 156 165 229 158 164 231 159 162 234 160 161 236 161 159 238 162 157 240 163 155 242 164 154 245 166 152 247 167 150 249 169 149 251 170 147 253 172 146 255 173 144 257 175 143 260 176 141 262 178 140 264 179 140 267 
182 214 141 177 214 143 172 215 147 167 215 150 162 215 153 157 215 157 154 214 161 151 212 166 150 210 171 148 208 176 146 205 181 145 203 187 145 201 192 147 201 198 149 202 203 150 200 209 149 198 214 148 196 219 147 195 225 148 193 231 148 191 236 149 189 242 151 187 247 152 184 252 154 181 257 155 178 261 157 175 267 159 173 272 161 171 277 162 169 282 164 167 287 
177 212 146 173 212 147 168 212 148 164 212 149 160 212 150 155 212 151 151 212 152 148 210 156 145 207 158 143 204 159 141 201 162 139 197 164 138 194 167 137 191 170 136 188 173 136 185 176 136 181 179 136 179 183 138 177 186 140 175 190 142 174 194 145 173 197 148 171 200 151 169 203 153 166 205 154 163 209 155 160 212 157 158 215 159 155 219 160 153 222 162 150 225 164 148 229 165 146 232 167 143 235 169 140 238 170 138 242 172 135 245 174 132 248 175 129 251 177 127 254 179 124 258 
177 211 137 173 212 138 170 213 139 167 213 141 164 214 142 160 215 144 158 215 146 155 216 149 152 215 151 150 214 154 149 213 157 147 211 160 146 209 162 145 206 165 144 204 167 142 202 170 141 199 172 141 197 175 140 195 178 139 192 181 139 190 184 139 188 187 139 186 190 140 185 193 142 183 195 143 181 198 145 179 201 147 177 203 148 175 206 149 173 209 150 172 212 150 170 215 151 168 218 152 166 221 153 164 224 155 163 227 156 161 230 158 159 233 159 157 235 160 155 238 162 153 241 163 151 243 164 149 246 166 146 249 167 144 251 168 142 254 170 140 257 171 138 259 172 136 262 174 134 264 
170 211 159 166 210 159 162 210 159 158 209 159 154 208 159 150 208 159 146 207 159 142 204 159 140 201 160 137 198 162 136 195 164 135 191 166 134 188 169 133 185 171 133 181 174 132 178 176 132 175 179 132 171 182 133 168 184 134 165 187 135 161 189 136 158 190 137 154 191 138 150 192 138 145 192 137 141 191 137 137 190 135 134 189 133 130 187 131 127 186 129 123 187 127 120 189 126 117 191 124 113 193 124 110 195 123 106 197 123 102 199 124 99 201 125 95 202 
161 225 112 160 226 114 158 227 117 157 228 120 156 229 122 154 231 125 152 231 128 151 232 130 149 232 133 147 231 136 146 230 138 144 228 140 143 226 143 142 224 145 141 221 147 140 219 149 139 216 151 139 214 152 138 211 154 137 209 156 137 206 158 136 204 160 136 201 162 136 198 164 135 196 166 135 194 168 135 191 170 135 189 172 134 186 175 134 184 177 134 182 179 134 180 181 135 177 184 135 175 186 137 173 188 138 171 190 140 169 192 142 168 194 143 166 196 145 164 198 146 162 201 146 160 203 148 159 206 149 158 209 150 157 212 152 156 214 153 155 217 155 154 220 156 153 223 157 152 225 159 151 228 160 150 231 162 148 233 163 147 236 164 145 238 166 143 240 167 142 243 168 140 245 170 138 247 171 136 250 172 134 252 173 132 254 174 130 257 175 128 259 
177 210 135 173 212 137 169 214 139 165 216 141 161 217 143 157 218 146 154 219 149 151 219 152 149 218 157 147 217 161 147 215 165 146 212 169 146 210 174 146 208 178 145 206 182 144 204 186 144 202 191 143 200 195 143 199 199 143 196 204 144 194 208 146 192 211 147 190 215 149 188 219 149 186 223 150 183 228 151 181 232 151 179 236 152 177 240 153 175 245 154 173 248 155 170 252 156 168 256 158 166 260 160 164 264 162 162 268 164 160 272 
181 201 127 179 204 128 178 206 130 178 209 132 177 211 134 176 213 136 173 214 138 171 214 139 168 215 141 165 215 143 163 216 145 160 216 147 158 216 149 155 216 151 153 216 153 151 216 156 150 216 158 149 215 161 148 213 164 147 212 167 147 210 170 147 209 172 146 207 175 145 206 178 145 204 181 144 203 183 143 201 186 143 200 189 142 198 191 141 196 194 141 195 197 141 193 199 141 191 202 142 189 204 144 188 207 145 186 209 147 185 212 148 183 214 149 182 217 149 181 220 150 180 223 150 178 226 151 177 229 151 176 231 151 175 234 152 173 237 152 172 240 153 170 243 153 169 246 154 167 248 155 166 251 156 164 253 157 162 256 158 161 259 158 159 261 159 157 264 160 156 266 
178 213 137 173 214 140 168 215 142 164 215 145 159 215 149 155 215 152 152 214 156 148 213 160 147 211 165 146 208 170 145 206 174 144 203 179 143 200 183 141 197 188 140 194 192 139 192 197 139 189 201 141 186 205 143 183 209 146 180 213 147 178 217 149 175 222 150 173 227 152 171 232 154 169 236 155 167 241 156 165 246 158 162 250 160 159 254 161 156 258 163 153 262 165 149 266 167 147 270 
171 220 165 168 218 165 166 217 166 163 216 166 160 215 167 158 214 168 155 214 169 152 213 170 150 211 172 148 210 173 147 208 175 146 207 178 145 206 180 144 205 183 143 204 186 143 202 188 142 201 191 141 200 194 140 199 196 140 198 199 140 196 202 141 195 204 142 193 207 143 192 209 144 191 212 145 190 214 147 188 216 147 187 219 148 186 222 148 185 224 149 183 227 149 182 230 150 181 232 150 180 235 150 178 238 151 177 240 151 176 243 152 174 246 153 173 248 153 171 251 154 170 253 155 168 255 156 167 258 157 165 260 158 164 263 159 163 265 161 161 268 
177 218 159 173 216 159 169 214 160 165 213 160 161 213 160 157 213 163 154 212 166 152 211 169 150 208 173 149 206 176 147 204 179 146 202 183 145 200 186 144 199 190 145 198 195 147 198 199 148 197 202 149 195 206 149 193 210 150 191 214 150 189 217 151 187 221 152 185 225 153 182 228 154 180 232 155 178 235 156 176 239 157 174 242 159 172 246 160 169 249 161 167 253 163 166 256 165 164 260 167 163 263 168 161 267 170 160 270 172 159 274 174 157 278 
174 217 125 171 220 128 168 223 131 164 224 135 161 225 139 158 225 143 155 225 147 153 224 152 152 224 157 151 222 162 150 221 167 150 219 172 149 218 177 149 217 182 148 215 187 147 214 192 146 212 197 144 211 202 144 209 207 144 207 212 145 205 216 146 203 221 147 201 226 148 199 231 149 198 236 150 196 241 151 195 245 153 194 250 155 193 255 157 192 260 160 192 264 161 191 269 163 191 274 164 190 279 165 189 284 165 188 290 
174 207 121 174 209 124 172 211 125 171 213 127 169 215 128 167 216 130 165 218 131 163 219 133 161 220 134 159 221 136 157 222 138 155 223 140 152 223 141 150 224 143 148 223 145 147 223 147 146 221 150 145 220 152 144 218 154 143 216 157 143 215 159 143 213 161 143 211 163 142 209 165 142 207 167 142 205 170 142 203 172 141 202 174 141 200 176 140 198 179 139 197 181 139 195 183 138 193 185 138 191 188 137 190 190 137 188 192 137 186 194 137 184 197 137 182 199 138 181 201 140 179 203 141 177 204 142 175 206 143 173 208 144 171 210 145 170 212 146 168 214 147 166 217 148 165 219 149 164 221 150 162 224 151 161 226 152 160 229 152 159 231 153 158 234 154 157 236 155 156 239 156 154 241 157 153 244 157 152 246 158 151 249 159 149 251 160 148 254 161 146 256 161 145 258 162 143 261 163 142 263 163 140 265 164 139 268 
178 208 136 172 210 137 167 212 138 162 214 141 157 215 144 152 216 147 149 214 153 147 210 157 144 206 160 141 202 163 140 197 166 138 193 170 139 190 175 140 189 181 142 188 187 145 189 192 149 190 197 150 188 202 150 185 207 151 182 212 152 179 217 154 176 222 156 173 227 158 170 231 160 166 236 162 163 240 165 159 244 167 156 249 170 153 253 173 150 257 176 147 261 
178 213 145 175 213 146 172 213 147 169 213 147 166 213 148 163 213 150 160 213 151 157 213 153 155 213 154 152 212 156 150 212 158 149 210 161 147 209 163 146 207 165 145 205 167 144 203 169 143 201 172 142 199 174 141 197 176 141 195 179 140 193 181 140 191 183 139 190 186 139 188 189 140 186 191 141 185 194 142 184 196 144 182 199 145 181 201 147 179 203 148 177 205 149 176 208 149 174 211 150 173 213 151 171 216 152 169 218 152 168 221 153 166 223 154 165 226 156 163 228 157 162 231 158 160 233 159 159 236 161 158 238 162 156 241 163 154 243 164 153 245 165 151 248 167 149 250 168 147 252 169 145 254 170 143 257 171 142 259 173 140 261 174 138 264 175 137 266 
163 217 126 161 218 128 158 219 131 157 220 134 155 220 136 152 220 139 150 220 142 149 219 145 148 218 148 147 216 151 147 215 154 146 213 157 145 210 159 144 208 162 143 206 164 142 203 166 141 201 168 140 198 171 140 196 173 139 194 176 138 191 178 138 189 181 138 187 184 138 186 187 139 184 190 141 183 193 142 181 195 144 180 198 146 178 200 147 176 203 149 174 205 150 172 208 151 170 210 152 168 213 153 166 216 153 165 219 154 163 222 155 161 225 156 160 228 157 158 231 158 157 234 159 156 237 160 154 240 161 153 243 163 151 245 164 149 248 165 147 251 166 145 253 168 143 256 169 141 258 170 139 261 171 137 263 
147 206 159 146 205 159 145 203 160 143 202 161 142 200 161 141 199 162 140 197 163 139 196 164 138 194 165 138 193 167 138 191 168 137 190 170 137 189 171 137 187 173 137 186 174 136 185 176 136 183 177 136 182 179 137 181 181 137 180 182 138 179 184 138 178 186 139 178 188 140 177 189 141 177 191 143 176 193 144 176 194 145 175 196 147 175 197 149 174 198 149 173 200 150 172 201 150 170 203 150 169 204 151 168 206 151 166 207 152 165 209 152 164 210 152 163 212 153 161 214 153 160 215 154 160 217 155 159 219 155 158 221 156 157 222 157 156 224 158 155 226 158 154 227 159 153 229 160 153 231 161 152 232 162 151 234 163 150 235 164 149 237 165 148 239 166 147 240 167 145 241 167 144 243 168 143 244 169 142 246 170 141 247 170 139 249 171 138 250 172 137 252 173 136 253 173 135 255 174 133 256 175 132 258 176 131 259 176 130 261 
172 210 133 170 211 134 167 212 135 165 213 136 163 215 137 161 215 139 159 216 140 157 217 142 155 217 144 152 218 146 151 217 148 150 216 151 149 215 153 149 214 156 148 213 158 148 212 161 147 210 163 147 208 165 146 207 167 145 205 169 144 204 171 143 202 174 142 200 176 142 199 178 141 197 180 140 196 182 140 194 185 140 192 187 140 191 189 140 189 191 140 188 194 141 186 196 143 185 198 144 184 200 145 182 202 147 181 204 148 179 206 148 178 209 149 176 211 150 175 213 150 174 216 151 172 218 152 171 220 152 169 223 153 168 225 154 167 227 155 165 229 156 164 232 157 162 234 159 161 236 160 159 238 161 158 240 162 156 242 163 154 244 164 153 246 165 151 248 166 150 250 167 148 252 169 147 254 170 146 256 172 144 258 173 143 261 174 142 263 176 141 265 
158 231 116 156 232 120 155 233 123 153 233 126 152 233 130 150 233 133 149 232 136 148 231 139 146 229 142 145 227 145 144 225 148 144 223 151 144 220 154 144 218 157 143 216 159 143 213 162 143 211 165 143 209 168 143 207 171 142 205 174 142 203 178 141 201 181 140 199 184 140 198 187 139 196 190 140 194 193 141 192 196 142 190 199 143 189 202 145 187 205 146 185 208 148 184 211 148 182 214 149 181 218 150 179 221 151 177 224 152 175 227 153 174 230 154 172 233 155 170 236 157 167 238 158 165 241 159 163 244 161 161 246 162 159 249 163 157 252 165 155 254 166 152 257 168 150 260 169 148 262 170 146 265 172 144 268 
158 228 116 157 229 118 156 230 120 155 231 122 154 232 124 153 232 125 152 233 127 151 233 129 150 233 131 149 233 133 147 232 135 146 231 137 145 230 138 144 229 140 144 228 142 143 226 143 142 225 145 141 223 146 141 222 148 140 220 149 140 218 150 139 216 152 139 215 153 139 213 154 139 211 156 138 209 157 138 208 158 138 206 160 137 204 161 137 203 162 137 201 164 137 199 165 136 198 167 136 196 168 136 194 170 136 193 171 135 191 173 135 190 175 135 188 176 135 187 178 135 185 179 135 183 181 135 182 183 135 180 184 135 179 186 136 177 187 136 176 188 137 174 190 138 173 191 139 171 193 140 170 194 141 168 195 142 167 197 143 165 198 144 164 199 145 163 201 145 161 203 146 160 205 146 159 207 147 159 208 148 158 210 149 157 212 150 157 214 151 156 216 152 155 218 153 155 220 154 154 222 155 153 224 156 152 225 157 151 227 158 150 229 159 149 230 160 148 232 161 147 233 162 145 235 163 144 237 164 143 238 164 141 240 165 140 241 166 139 243 167 137 245 168 136 246 168 135 248 169 134 249 170 132 251 171 131 253 172 130 254 172 128 256 
162 217 131 160 218 133 158 219 135 156 220 137 155 220 139 153 221 141 151 221 144 150 220 146 149 219 148 149 218 151 148 217 153 148 215 156 147 214 158 147 212 160 146 211 163 146 209 165 145 207 167 145 206 169 144 204 171 143 203 173 143 201 176 142 200 178 141 198 180 141 197 183 140 195 185 140 194 187 140 192 189 140 191 192 140 190 194 142 189 197 143 187 199 144 186 201 146 185 203 147 183 205 148 182 207 148 180 209 149 179 212 150 178 214 150 176 216 151 175 218 152 173 221 153 172 223 153 171 225 154 169 227 155 168 230 156 167 232 158 165 234 159 164 236 160 162 238 161 161 240 162 159 242 163 157 244 164 155 246 165 153 247 167 152 249 168 150 251 169 148 252 170 146 254 172 145 256 173 143 258 174 142 260 176 141 262 177 140 264 178 139 267 
173 209 127 171 212 128 170 215 129 168 217 131 165 220 133 163 221 135 160 223 137 157 224 139 154 225 141 151 225 143 149 225 146 147 224 149 146 222 152 145 220 155 144 218 158 144 216 161 143 214 164 143 211 166 144 209 169 144 207 172 144 205 175 143 203 178 143 201 181 142 199 184 141 197 187 140 195 190 139 193 193 139 191 197 139 189 199 140 187 202 142 185 205 143 183 208 145 182 210 147 180 213 148 178 216 149 176 219 150 175 223 151 174 226 152 172 229 153 171 232 154 170 236 155 168 239 156 166 242 157 164 245 158 162 248 159 161 251 160 159 254 162 156 256 163 154 259 164 152 262 166 150 264 167 148 267 168 146 270 170 145 273 
159 214 133 157 215 135 154 216 138 152 218 141 150 218 143 148 218 146 146 217 149 144 215 152 143 213 154 142 211 157 141 208 159 140 205 161 139 202 163 138 200 165 138 197 167 137 194 169 136 191 172 136 188 174 135 186 176 135 183 178 135 180 180 134 177 183 134 175 186 135 172 188 135 170 190 136 167 192 137 164 194 138 161 196 139 158 197 139 154 198 138 151 198 136 148 197 135 145 196 133 141 195 131 138 194 129 135 194 128 133 195 126 130 197 125 127 199 123 124 201 123 122 203 122 119 206 122 116 208 122 113 210 122 111 213 123 108 215 123 106 218 
179 213 140 174 213 141 169 213 143 164 214 145 160 214 148 155 214 151 151 213 154 149 212 159 147 208 162 145 205 165 143 202 169 141 198 173 140 195 176 139 192 181 139 189 185 140 186 189 142 184 194 145 183 198 147 180 202 149 177 206 150 175 210 151 172 214 152 169 219 154 167 223 156 164 227 158 162 231 160 159 235 162 157 239 164 154 243 166 151 247 168 148 251 170 145 255 173 142 259 175 140 262 177 137 267 
172 210 122 171 212 124 169 214 126 166 216 127 163 218 129 161 219 131 158 220 133 156 220 136 154 221 138 152 221 141 150 220 144 148 219 147 147 218 150 146 216 152 145 214 155 144 211 157 143 209 159 142 206 161 141 203 163 140 201 165 139 198 167 138 195 169 138 193 171 137 191 174 137 188 176 137 186 179 137 184 182 137 182 185 138 181 188 140 180 191 141 178 193 143 177 196 145 175 198 147 173 201 148 171 203 149 169 206 150 167 208 151 166 211 152 164 214 153 163 217 155 161 220 156 160 223 157 158 226 159 157 228 160 155 231 162 153 234 163 151 236 164 149 239 166 147 241 167 145 244 168 143 246 170 141 249 171 140 251 173 138 254 174 137 257 175 135 260 177 134 263 178 133 265 
176 205 120 176 208 123 174 210 126 173 213 128 170 215 130 168 217 132 165 219 134 162 219 137 160 220 140 157 221 143 155 221 146 153 220 149 152 219 153 150 218 156 149 216 160 149 215 163 148 213 167 148 211 170 147 209 173 146 208 177 145 206 180 145 204 184 144 203 187 144 201 191 143 200 194 144 198 198 144 196 201 145 195 205 146 193 208 148 192 211 150 190 214 150 188 218 151 186 221 151 184 225 152 183 228 152 181 232 153 179 235 154 178 238 154 176 242 155 174 245 156 172 248 157 170 251 159 168 255 160 166 258 162 165 261 163 164 264 165 162 268 167 161 271 168 160 274 170 159 278 
177 215 140 175 215 142 172 215 144 170 216 146 167 216 148 165 216 150 162 216 152 160 216 154 158 216 156 155 216 158 154 216 161 152 215 163 151 215 166 150 214 169 150 213 172 149 212 175 148 211 178 147 210 180 146 208 183 145 207 186 145 206 189 144 205 192 143 204 194 142 202 197 142 201 200 141 200 203 142 198 206 143 197 208 144 196 211 145 194 213 146 193 216 147 191 219 147 190 221 148 189 224 148 187 227 149 186 230 149 185 233 150 183 236 150 182 238 151 181 241 151 179 244 152 178 246 153 176 249 154 175 252 154 173 254 155 171 257 157 170 259 158 169 262 159 167 264 161 166 267 162 165 269 163 164 272 164 163 275 166 162 278 167 161 280 
158 228 116 156 230 119 154 231 122 152 232 125 151 232 129 149 232 132 147 231 135 145 229 138 143 227 141 141 225 143 140 222 146 139 218 148 137 215 150 136 212 151 135 208 153 135 205 155 134 202 156 134 198 159 133 195 161 133 192 163 132 189 166 132 186 168 132 183 171 132 180 173 132 177 176 133 174 178 134 172 181 135 169 184 137 167 187 140 166 190 143 165 192 146 164 194 149 163 196 150 161 199 151 159 202 153 157 205 155 155 208 157 153 211 159 150 214 161 148 216 163 146 219 164 144 222 166 142 225 168 140 228 170 138 230 171 135 233 173 133 235 175 130 238 177 128 240 179 125 242 180 122 244 182 119 246 
172 217 158 170 216 158 168 215 158 165 214 158 163 214 159 160 214 160 158 214 161 155 214 161 153 214 163 151 213 164 150 213 167 149 212 169 149 211 171 148 210 173 148 208 176 147 207 178 146 206 180 146 205 182 145 204 184 144 203 187 144 202 189 143 201 191 142 200 193 142 199 196 141 198 198 141 197 200 142 196 202 142 195 205 143 194 207 144 192 209 145 191 211 146 190 213 147 189 215 148 188 217 148 187 219 149 186 221 149 184 224 150 183 226 150 182 228 150 181 230 151 180 233 151 179 235 151 178 237 152 177 239 152 176 242 152 175 244 153 173 246 154 172 248 154 171 250 155 169 252 156 168 254 157 167 256 157 166 258 158 165 260 159 164 263 160 162 265 161 161 267 162 160 269 163 159 271 
172 217 159 168 215 159 164 214 159 161 214 160 158 214 163 155 214 166 154 213 169 152 211 172 150 210 175 148 208 178 147 206 181 146 204 184 145 202 187 145 201 191 145 200 195 147 200 198 148 199 202 149 197 205 149 196 209 149 194 212 150 192 215 150 190 219 151 189 222 151 187 226 152 185 229 153 183 232 155 181 235 156 179 238 157 176 240 159 174 243 160 172 246 161 170 249 163 167 252 165 166 254 167 164 257 169 163 260 172 162 263 174 161 266 176 160 269 178 159 272 
178 214 143 176 214 145 175 214 146 173 215 148 171 215 149 169 215 150 167 215 151 165 215 152 163 214 153 161 214 154 159 214 155 157 214 156 156 214 157 154 214 159 153 214 161 152 213 163 151 213 165 151 212 167 150 211 168 149 210 170 149 209 172 148 208 174 147 207 176 147 206 177 146 205 179 145 204 181 145 203 183 144 202 185 144 201 187 143 200 189 143 200 191 143 199 193 143 198 195 143 197 197 144 196 199 144 195 201 145 194 202 146 193 204 147 192 206 148 191 208 149 190 209 149 189 211 150 188 213 150 187 215 151 186 217 151 185 219 151 184 220 151 182 222 152 181 224 152 180 226 152 179 228 152 178 230 153 177 232 153 176 234 154 175 236 154 174 238 154 173 240 155 172 241 155 171 243 156 170 245 156 169 247 157 168 249 158 167 250 158 166 252 159 165 254 160 164 256 161 163 258 162 162 259 163 161 261 164 160 263 164 159 264 165 158 266 166 157 268 167 156 270 168 155 272 169 154 273 
157 228 117 156 230 119 155 231 121 154 232 123 153 233 125 152 233 127 151 233 129 150 232 131 149 232 133 148 232 134 147 231 136 146 230 138 145 229 140 144 228 141 143 226 143 142 225 145 141 223 146 140 222 147 140 220 149 139 218 150 139 216 151 139 215 153 138 213 154 138 211 155 138 209 157 137 207 158 137 206 160 137 204 161 137 202 163 136 200 164 136 199 165 136 197 167 136 195 168 135 193 170 135 191 171 135 190 172 135 188 174 134 186 175 134 184 177 134 183 178 134 181 180 134 179 181 135 177 182 135 176 184 136 174 185 136 172 187 137 171 189 138 170 190 140 169 192 141 168 193 143 167 194 144 166 196 146 164 197 147 163 198 148 162 200 148 161 202 149 160 204 150 159 206 151 158 208 152 157 209 152 156 211 153 155 213 154 154 215 155 153 217 156 152 219 157 151 220 158 149 222 159 148 223 160 146 225 161 145 226 162 143 228 163 142 229 164 140 230 165 139 232 166 137 233 167 136 235 168 134 236 169 133 237 170 132 239 171 130 240 172 129 242 173 127 243 174 126 245 175 124 246 176 122 247 177 120 248 178 119 249 
177 202 122 176 207 126 173 211 129 169 214 132 165 217 135 160 219 138 156 221 141 152 223 145 148 223 150 146 221 155 145 218 160 144 215 165 145 211 170 145 208 175 145 205 180 144 202 185 143 200 190 141 197 195 141 194 200 142 191 205 145 188 210 148 185 214 149 183 219 150 180 225 151 178 230 152 175 235 153 172 241 154 170 246 155 167 251 156 164 256 158 161 261 160 158 265 161 155 270 
181 214 151 180 215 153 179 216 154 178 217 156 177 218 158 176 219 160 175 220 161 174 221 163 174 222 165 173 223 167 171 223 168 169 221 169 168 220 169 166 219 170 164 219 171 162 218 172 160 217 172 158 216 172 156 215 172 155 213 173 153 212 174 152 211 175 151 210 177 150 209 178 149 208 180 148 207 182 147 206 184 147 205 186 146 204 187 146 203 189 146 202 192 146 202 194 146 201 196 146 201 198 146 200 200 146 200 202 147 199 204 148 198 206 148 198 208 149 197 210 149 196 212 149 195 214 149 194 216 149 193 219 149 193 221 149 192 223 149 191 225 149 190 227 150 189 229 150 189 231 150 188 233 150 187 235 151 186 237 151 185 239 151 184 241 152 183 243 153 182 245 153 181 246 154 180 248 154 179 250 155 178 252 155 176 254 156 175 256 157 174 257 158 173 259 159 172 261 160 171 263 161 171 264 162 170 266 163 169 268 164 168 270 165 167 271 166 167 273 167 166 275 168 165 277 169 165 279 170 164 281 171 163 283 
174 208 120 173 210 123 172 212 125 171 214 127 169 216 128 167 217 130 164 219 132 162 219 133 160 220 135 157 221 137 155 222 140 153 222 142 151 221 144 150 221 147 149 220 150 148 219 153 147 218 155 146 216 158 146 215 161 145 213 163 145 211 166 145 209 168 145 207 171 145 205 173 144 204 176 143 202 178 143 200 181 142 199 184 142 197 186 141 196 189 140 194 191 139 193 194 139 191 197 139 189 199 140 187 202 141 185 204 143 184 206 144 182 208 146 181 210 147 179 213 148 178 216 149 177 218 149 176 221 150 174 224 151 173 227 152 172 229 153 171 232 154 170 235 155 168 238 156 167 240 156 165 243 157 164 245 158 162 248 159 161 250 160 159 253 161 157 255 162 155 257 163 153 260 165 152 262 166 150 264 167 148 266 168 146 269 
177 206 132 173 209 134 168 212 135 163 214 137 159 216 140 155 218 143 151 220 146 147 220 151 145 218 156 144 215 160 144 211 164 144 208 169 143 204 173 143 201 178 141 198 182 140 195 187 139 193 191 138 190 196 139 187 201 141 184 205 143 181 209 146 178 213 148 175 217 149 173 222 151 170 227 152 167 231 153 164 236 155 161 240 156 158 245 158 155 249 159 152 254 161 149 258 163 146 262 165 143 266 167 140 270 
180 214 145 178 215 148 176 216 152 173 216 154 169 215 155 165 214 156 161 213 157 158 212 158 154 212 158 150 212 160 148 211 163 146 209 166 146 206 170 145 204 173 144 202 176 142 200 179 141 197 182 140 195 186 139 193 189 138 191 192 137 189 195 137 186 199 139 184 202 140 182 205 142 179 207 143 176 209 144 172 211 145 170 214 147 168 217 148 166 220 149 164 223 150 162 227 151 160 230 152 158 234 153 157 237 154 155 241 156 154 245 157 152 248 158 150 251 159 148 255 160 146 258 161 144 261 162 142 265 163 140 268 164 138 271 
177 204 132 176 208 134 174 213 135 171 216 139 167 217 142 163 218 146 160 219 149 156 220 153 153 220 157 150 220 161 149 219 166 148 217 171 148 216 176 148 214 181 148 212 186 146 211 191 145 209 196 144 207 201 143 205 205 143 203 210 145 200 215 146 199 219 147 197 224 148 195 229 149 193 234 150 192 239 151 190 244 152 188 248 154 186 253 156 183 257 158 181 261 160 179 265 162 176 269 165 174 274 167 173 278 169 172 283 172 171 287 
163 217 125 159 219 129 156 220 134 153 221 139 150 222 143 146 221 147 144 219 152 143 216 156 142 212 161 141 208 165 141 204 169 140 200 173 139 196 177 138 193 181 137 189 186 136 186 190 136 182 195 137 178 199 139 174 202 139 169 204 137 164 203 135 158 203 132 153 202 130 148 204 127 144 206 125 140 210 123 136 213 121 132 217 120 129 221 118 125 226 118 122 230 
151 209 161 149 207 164 147 205 166 145 203 169 143 200 171 142 198 174 141 195 177 141 193 180 140 191 183 140 189 187 141 187 190 142 186 194 144 185 197 146 183 200 148 181 203 149 179 206 150 177 209 151 175 213 152 173 216 153 172 219 154 170 223 155 169 226 156 168 230 157 166 233 159 164 237 160 162 240 161 160 243 162 159 246 163 156 249 165 154 252 166 152 255 168 149 258 169 147 261 171 145 264 172 143 267 
172 210 119 172 211 121 171 212 122 171 213 124 170 215 125 169 216 126 168 217 127 166 218 128 165 219 129 163 220 130 162 220 132 160 221 133 159 221 134 157 222 136 155 222 137 154 223 138 152 223 139 150 223 140 148 223 140 147 222 142 146 221 143 145 220 145 144 219 146 143 218 148 143 217 149 142 215 150 141 214 152 141 212 153 140 211 154 139 209 155 139 207 156 138 205 157 138 204 158 137 202 159 136 201 160 136 199 161 136 197 162 135 196 164 135 194 165 135 192 166 135 191 167 135 189 169 134 188 170 134 186 171 134 184 172 134 183 174 134 181 175 134 180 177 134 179 178 135 177 179 135 176 181 135 174 182 136 173 184 137 172 185 137 171 187 138 170 188 139 169 190 141 168 191 142 167 193 144 167 194 145 166 195 147 166 196 149 165 197 150 164 198 150 163 200 151 162 201 152 160 203 152 159 204 153 158 206 154 157 207 155 156 209 155 155 210 156 153 212 157 152 213 158 151 215 159 150 216 159 148 217 160 147 219 161 146 220 162 144 221 163 143 222 164 142 224 164 140 225 165 139 226 166 137 227 167 136 229 167 134 230 168 133 231 169 131 232 170 130 233 171 128 234 172 126 235 173 125 236 174 123 236 175 121 237 176 120 238 177 118 238 178 116 239 
162 218 127 161 218 129 159 219 130 158 219 132 157 220 134 155 220 135 154 220 137 153 221 139 151 221 141 150 220 142 149 220 144 148 219 146 147 218 148 146 217 150 146 216 151 145 215 153 144 213 154 143 212 155 142 210 157 142 208 158 141 207 159 140 205 160 140 203 162 139 201 163 139 200 164 138 198 166 138 196 167 137 195 168 137 193 170 137 191 171 136 190 173 136 188 174 136 187 176 136 185 178 135 184 179 135 182 181 136 181 182 136 179 184 136 178 185 137 176 187 138 175 189 139 174 190 140 173 192 141 172 193 143 171 195 144 170 196 146 169 197 147 168 199 148 167 200 149 166 202 149 164 204 150 163 205 150 162 207 151 161 209 152 160 211 153 159 213 154 158 214 155 157 216 156 156 218 156 155 220 157 154 221 158 153 223 159 152 225 161 151 226 162 150 228 162 148 229 163 147 230 164 145 232 165 144 233 166 143 234 167 141 236 168 140 237 169 138 239 170 137 240 171 135 241 172 134 243 173 133 244 174 131 245 175 130 247 176 128 248 177 127 250 178 125 251 
170 212 125 166 215 127 162 216 128 159 218 132 157 219 135 154 219 139 151 219 142 150 218 147 148 216 151 147 214 154 146 211 158 144 208 160 142 204 163 141 201 165 140 197 168 139 194 171 138 191 175 138 189 179 139 188 183 140 187 187 141 185 191 144 184 195 146 183 199 148 181 202 149 178 206 150 176 209 151 174 213 153 171 217 154 169 221 155 167 224 157 164 228 159 162 231 161 159 235 162 157 238 164 154 241 166 152 244 169 149 248 171 148 251 173 146 255 176 145 258 178 144 262 181 144 266 
179 214 144 177 214 145 174 214 146 171 214 148 169 214 149 166 214 150 164 214 152 161 214 153 159 214 154 156 214 156 154 214 158 152 214 159 150 213 161 149 212 164 148 211 167 148 210 169 147 208 171 147 207 174 146 205 176 145 204 179 144 203 181 143 201 183 143 200 186 142 199 189 141 198 191 140 197 194 140 195 196 140 194 199 140 192 201 141 191 203 142 190 206 144 188 208 145 187 210 146 185 212 147 184 215 148 183 217 149 182 220 149 181 223 150 181 225 150 180 228 151 178 231 151 177 233 151 176 236 152 175 238 152 174 241 153 172 243 153 171 246 154 170 248 155 168 251 156 167 253 156 165 256 157 164 258 158 163 260 159 161 263 160 160 265 161 158 267 
180 213 147 179 214 149 177 214 150 176 214 151 174 214 153 173 215 154 171 215 155 169 215 156 167 215 157 166 215 158 164 215 159 162 215 160 160 215 162 159 215 163 157 215 164 156 215 166 155 214 167 154 214 169 153 213 171 152 212 172 151 212 174 150 211 176 149 210 177 148 209 179 148 208 181 147 207 183 147 206 185 146 206 186 146 205 188 145 204 190 145 203 192 145 202 194 145 202 196 145 201 198 146 200 200 146 200 202 147 200 203 148 199 205 148 198 207 149 198 209 149 197 211 149 196 213 149 195 215 149 194 217 149 194 219 149 193 220 149 192 222 149 192 224 149 191 226 149 190 228 150 189 230 150 188 232 150 188 234 150 187 236 151 186 238 151 185 239 152 184 241 152 183 243 153 182 245 153 181 246 154 180 248 154 179 250 155 178 252 155 177 253 156 176 255 157 175 257 157 174 258 158 173 260 159 172 261 160 171 263 161 171 265 162 170 266 163 169 268 164 168 270 165 168 271 166 167 273 167 166 275 168 166 277 169 165 278 170 164 280 170 164 282 171 164 284 172 163 285 173 163 287 174 163 289 176 163 291 
174 212 155 170 211 156 166 211 156 162 210 156 158 210 157 154 210 157 150 208 158 146 206 158 144 203 159 141 200 160 139 197 161 138 193 163 138 191 167 138 189 170 139 187 174 140 187 178 141 187 181 142 186 185 143 186 189 144 185 193 146 185 197 148 185 200 150 184 203 151 182 207 151 181 211 151 179 214 152 177 218 152 175 222 153 174 225 153 172 229 154 170 233 155 169 236 156 167 240 157 164 243 158 162 246 160 160 249 161 158 252 163 156 255 164 153 258 166 151 261 167 149 264 169 146 267 170 144 270 
177 212 138 173 213 139 168 213 141 164 214 143 160 215 146 156 215 149 153 215 153 149 215 156 147 214 160 147 212 164 146 209 169 145 207 173 144 204 177 143 202 181 143 199 185 141 197 189 140 194 193 139 192 197 139 189 201 141 186 205 144 184 208 146 181 212 148 179 216 149 177 220 150 175 224 152 173 228 153 172 233 155 170 237 156 168 241 157 165 245 158 163 249 160 160 253 162 157 256 164 154 260 165 152 263 167 149 267 169 146 271 171 145 275 
178 213 151 174 213 152 169 212 153 165 211 154 160 210 154 156 210 155 151 210 156 146 209 156 142 207 156 139 204 157 136 200 158 135 196 159 133 192 161 132 188 164 132 184 166 131 180 168 131 176 170 131 172 173 132 168 175 132 164 178 133 160 180 134 156 182 135 151 183 136 147 183 137 142 184 137 138 184 138 133 183 139 129 182 142 125 182 145 122 185 148 120 188 150 118 191 152 116 195 154 113 199 155 111 203 157 109 206 159 107 210 160 105 214 162 103 218 164 101 221 166 99 225 169 98 229 172 98 233 
180 214 140 176 215 143 171 215 146 167 215 149 162 215 153 158 215 156 154 215 160 152 213 165 150 211 170 148 208 174 147 206 179 145 204 184 144 202 189 144 199 194 145 198 199 147 196 204 148 194 209 149 191 214 149 189 219 149 187 224 149 185 229 150 183 234 151 180 239 152 178 244 153 175 248 155 172 253 156 170 257 158 167 262 161 165 266 163 163 271 165 160 275 
151 213 152 150 213 154 148 211 156 147 210 158 145 208 160 144 205 162 142 203 163 141 201 165 140 198 167 140 196 168 139 194 170 138 191 173 138 189 175 137 187 177 138 186 180 138 185 183 139 184 186 141 184 188 142 184 191 144 184 194 146 184 196 148 183 198 149 182 201 150 180 203 150 179 206 151 177 208 151 175 211 152 174 213 153 172 216 154 171 218 155 169 221 156 168 223 157 166 226 158 165 228 159 163 230 160 161 233 161 159 235 163 157 237 164 156 239 165 154 242 166 152 244 168 151 246 170 149 248 171 148 251 173 147 253 174 145 255 
180 213 142 177 213 143 174 213 143 171 213 144 169 213 145 166 213 146 163 213 147 161 213 148 158 213 150 156 214 151 153 214 152 151 213 154 149 212 156 148 211 158 147 209 160 146 208 162 144 206 163 143 204 165 142 202 167 141 199 168 140 197 170 140 195 172 139 193 174 139 192 176 138 190 178 138 189 181 139 188 183 139 187 186 140 186 189 141 185 191 142 184 193 143 183 196 145 182 198 146 181 200 147 179 202 148 177 204 149 176 206 150 174 209 150 173 211 151 172 214 152 171 216 152 170 219 153 169 221 154 168 224 155 167 226 156 166 229 156 165 231 157 164 234 158 162 236 159 161 239 160 160 241 160 158 243 161 157 246 162 155 248 163 154 250 164 152 252 165 150 254 166 149 256 167 147 258 168 145 260 169 144 262 170 142 264 172 141 266 173 140 269 174 139 271 
165 209 134 162 211 134 160 212 134 157 214 135 155 215 136 153 216 138 152 217 140 150 217 142 148 217 145 147 216 147 146 215 149 145 214 152 143 212 154 142 210 155 141 208 157 139 206 158 138 204 160 138 202 161 137 199 163 136 197 165 136 195 166 135 193 168 135 190 170 134 188 171 134 186 173 133 184 175 133 181 176 133 179 178 133 177 180 133 175 182 133 173 184 133 171 186 134 168 187 134 166 189 135 164 190 136 161 192 137 159 193 137 156 194 138 154 194 138 151 194 137 148 194 137 145 193 136 143 192 135 140 192 134 138 190 133 135 190 132 133 189 130 130 188 129 128 189 127 126 191 126 124 192 125 122 194 124 120 196 123 118 197 123 116 199 122 113 200 122 111 202 122 108 203 
164 218 131 163 218 132 161 219 134 160 220 135 159 220 137 157 221 138 156 221 140 154 221 141 153 221 143 151 222 144 150 222 146 149 221 148 148 221 149 147 220 151 147 219 153 146 218 155 146 217 157 145 216 158 145 215 160 145 214 162 145 212 163 145 211 165 145 210 167 145 208 168 144 207 170 144 206 172 144 205 173 144 204 175 143 202 177 143 201 179 143 200 180 142 199 182 142 198 184 141 197 186 141 196 187 140 195 189 140 194 191 140 193 193 140 192 195 139 191 196 139 189 198 140 188 200 140 187 201 141 186 203 142 185 204 143 184 206 144 182 207 145 181 209 146 180 210 147 178 211 147 177 213 147 175 214 148 174 216 149 173 217 149 172 219 150 171 221 150 170 223 151 169 224 151 168 226 152 167 228 152 165 229 153 164 231 153 163 233 154 162 235 154 161 236 155 160 238 156 159 240 156 158 242 157 157 243 157 156 245 158 155 247 158 154 248 159 153 250 160 152 252 160 150 253 161 149 255 162 148 256 163 147 258 163 145 259 164 144 261 165 143 262 166 142 264 166 140 266 167 139 267 168 138 269 
157 229 117 156 229 119 155 230 121 154 231 123 153 232 125 152 232 127 151 232 129 150 232 131 149 232 133 148 231 135 146 231 137 145 230 138 144 228 140 143 227 142 143 226 143 142 224 145 141 223 146 140 221 148 140 219 149 140 217 150 139 215 152 139 214 153 139 212 154 138 210 156 138 208 157 138 207 158 137 205 160 137 203 161 137 201 163 136 199 164 136 198 165 136 196 167 136 194 169 135 193 170 135 191 172 135 190 173 135 188 175 134 186 177 134 185 178 134 183 180 134 182 182 134 180 183 135 178 185 135 177 186 136 175 188 137 174 189 137 172 191 138 170 192 139 169 193 140 167 195 141 166 196 142 165 198 143 163 199 144 162 201 144 160 202 145 159 204 146 158 206 147 158 208 147 157 210 148 157 212 149 156 214 150 156 216 151 155 218 152 154 220 153 154 222 154 153 224 155 152 226 156 151 228 158 150 229 158 149 231 159 147 233 160 146 234 161 145 236 162 144 238 163 142 239 164 141 241 164 140 242 165 138 244 166 137 246 167 135 247 168 134 249 169 133 251 169 131 252 170 130 254 171 129 256 172 127 257 173 126 259 
177 204 121 177 207 124 176 210 127 174 212 129 172 215 131 169 216 134 166 217 136 163 218 139 160 219 141 158 219 144 156 219 147 154 219 151 152 218 154 151 217 158 150 216 161 149 214 164 148 212 168 148 210 171 147 209 175 146 207 178 145 205 182 145 204 185 144 202 189 144 201 192 144 199 196 144 198 199 146 196 202 147 194 206 148 192 209 149 190 212 149 189 216 150 187 219 151 185 222 152 183 225 153 181 229 154 179 232 155 177 235 157 174 237 158 172 240 160 170 243 161 169 247 163 167 250 165 165 253 166 164 256 169 163 259 171 162 262 173 161 265 175 160 268 177 159 271 179 158 274 
180 214 136 177 216 140 174 216 143 171 217 146 167 217 150 164 217 153 160 217 156 157 217 160 155 217 164 153 216 168 151 214 172 150 212 176 148 210 180 147 208 185 146 206 189 145 205 193 145 203 198 147 202 202 148 200 206 149 199 211 149 197 215 149 195 220 149 194 224 149 192 228 149 190 233 150 188 237 151 186 241 152 184 246 153 182 250 154 179 253 156 177 257 157 175 261 159 173 265 161 171 269 163 170 273 165 168 277 167 167 281 169 165 285 
160 216 130 158 217 132 157 218 135 155 218 137 153 219 140 151 219 142 150 218 144 149 217 147 148 216 150 147 215 152 146 213 155 145 211 157 143 209 158 142 206 160 141 204 162 140 202 163 140 199 165 139 197 167 138 195 169 138 193 171 137 191 173 137 188 175 137 186 178 137 185 180 137 183 183 138 182 185 139 181 188 140 179 191 141 178 193 143 177 195 144 176 197 146 174 199 147 172 201 148 170 204 149 168 206 150 167 209 151 166 211 152 164 214 153 163 216 154 162 219 155 160 221 157 159 224 158 158 226 159 156 229 160 155 231 162 153 233 163 152 235 164 150 238 165 148 240 166 146 242 167 144 244 169 143 246 170 141 249 171 139 251 172 137 253 173 135 255 174 134 257 175 132 260 
180 214 149 179 215 152 177 216 154 175 218 156 174 219 159 171 218 161 168 216 161 166 215 162 163 213 162 160 212 162 157 211 162 154 211 163 151 210 164 149 209 166 147 208 168 146 206 171 145 204 173 144 203 176 143 201 178 142 199 181 141 198 184 140 196 186 139 194 189 139 193 191 138 191 194 138 189 196 138 187 199 139 186 201 140 184 204 142 182 206 143 181 208 145 179 210 146 177 213 147 176 216 148 174 218 149 173 221 150 171 223 150 169 226 151 168 229 152 166 231 153 165 234 154 163 236 154 161 239 155 160 242 156 158 244 157 156 247 158 155 250 159 153 252 160 151 254 161 149 257 162 148 259 163 146 261 164 144 264 165 142 266 166 140 268 168 139 271 
176 213 149 173 212 149 170 212 149 167 212 150 164 212 151 161 212 152 159 212 153 156 212 155 153 212 156 151 211 158 149 210 160 148 208 163 147 207 165 146 205 167 144 203 169 143 201 171 142 199 173 142 197 175 141 195 178 140 193 180 140 192 182 139 190 185 139 188 188 140 187 190 141 185 193 142 184 195 143 183 197 145 182 200 146 180 202 148 178 204 148 177 207 149 175 209 150 174 212 151 172 214 151 170 216 152 169 219 153 167 221 154 166 224 155 164 226 156 163 229 157 161 231 159 160 233 160 158 236 161 156 238 162 155 240 163 153 242 164 151 244 165 149 247 166 147 249 167 146 251 168 144 253 170 142 255 171 140 258 172 138 260 173 137 262 174 135 264 
175 206 139 173 207 138 170 207 138 168 208 138 165 209 138 163 210 138 161 211 139 158 212 140 156 213 140 154 214 141 152 215 142 150 216 144 147 217 144 145 217 145 142 218 145 140 217 146 138 216 147 136 214 148 135 212 149 134 210 151 133 208 152 132 206 153 132 204 155 132 202 156 131 200 158 131 197 159 131 195 161 131 193 162 132 191 164 132 189 165 132 187 167 132 185 168 132 183 170 132 180 171 132 178 173 132 176 174 132 174 175 132 171 177 132 169 178 132 167 179 132 165 181 133 162 182 134 160 183 134 158 184 135 155 185 135 153 186 136 151 186 137 148 187 137 146 187 138 143 188 138 140 188 139 138 188 139 135 188 140 133 187 141 130 187 142 128 188 144 127 189 145 126 191 147 124 193 148 123 195 149 122 197 150 121 199 151 119 201 152 118 203 153 117 205 154 115 207 155 114 209 156 112 211 157 111 213 157 109 215 158 108 217 159 107 219 160 105 221 161 104 223 161 103 225 162 102 227 164 101 230 
151 204 170 149 201 172 147 198 174 145 196 176 143 194 179 141 191 181 140 189 184 139 186 187 139 184 190 139 182 194 140 179 197 141 177 199 143 175 202 144 172 204 146 169 207 147 167 210 148 164 213 149 162 216 150 161 219 151 159 223 152 158 226 154 156 230 155 155 233 156 153 237 157 152 240 158 150 244 160 149 247 161 147 250 162 145 253 163 143 256 164 141 260 165 139 263 166 137 266 
158 230 116 157 231 118 156 231 120 155 232 122 154 233 125 153 233 127 152 233 129 151 233 131 149 233 134 149 232 136 148 231 138 147 230 140 146 229 143 145 228 145 144 226 147 144 225 149 144 223 151 143 222 153 143 220 154 143 218 156 143 216 158 143 215 160 143 213 162 143 212 164 143 210 166 143 209 168 143 207 170 142 206 173 142 204 175 141 203 177 141 202 179 141 201 181 140 199 183 140 198 186 139 197 188 139 195 190 139 194 192 139 193 194 140 192 197 141 190 199 142 189 201 143 188 203 144 187 205 145 186 207 146 185 209 147 184 211 148 183 213 149 182 215 149 181 218 150 180 220 151 178 222 151 177 224 152 176 226 153 174 228 153 173 231 154 172 233 155 170 235 156 169 236 157 167 238 158 166 240 158 165 242 159 163 244 160 161 246 161 160 247 162 158 249 164 156 250 165 155 252 166 153 254 167 151 255 168 150 257 169 148 259 170 147 260 171 145 262 172 144 264 173 143 266 175 142 269 
182 213 153 180 214 156 177 215 158 174 213 158 171 212 159 167 211 159 164 210 159 160 210 159 157 209 159 153 209 159 150 208 158 147 206 158 144 204 159 142 201 161 140 199 162 139 196 164 138 193 166 137 190 168 137 188 171 137 186 174 137 184 176 137 182 180 138 181 183 140 181 186 142 181 189 145 182 191 147 182 194 149 182 197 149 180 200 150 178 203 150 176 206 151 174 209 152 172 211 153 170 214 154 168 217 155 166 220 156 165 223 158 163 226 159 161 229 160 159 231 162 157 234 163 155 236 164 153 239 165 151 242 167 149 244 168 147 247 169 144 249 171 142 252 172 140 255 173 138 257 175 136 260 176 134 262 
179 216 137 176 217 141 173 217 144 170 218 147 167 218 151 164 218 154 160 219 158 157 219 161 155 218 165 152 218 169 151 218 174 150 216 178 149 215 182 148 214 187 147 213 191 146 211 195 145 210 200 144 208 204 144 206 208 145 205 213 145 203 217 146 201 221 147 200 226 147 198 230 148 197 234 149 195 239 150 194 243 152 193 248 153 192 252 155 191 256 157 190 260 159 190 264 160 188 269 162 188 273 162 186 278 163 185 282 
160 214 132 159 215 134 157 215 135 156 216 137 155 217 139 153 217 141 151 217 142 150 217 144 149 216 146 148 215 149 148 214 151 148 213 153 148 212 155 147 211 157 146 210 159 145 208 160 144 206 162 143 205 163 142 203 164 141 201 165 141 199 167 140 197 168 139 196 170 139 194 171 138 192 173 138 191 175 138 189 176 137 188 178 137 186 180 137 185 182 138 184 184 139 184 187 139 183 189 140 182 191 141 181 193 142 180 195 144 179 196 145 178 198 146 177 200 148 175 201 148 174 203 149 172 205 149 171 207 150 170 209 151 169 211 151 167 212 152 166 214 152 165 216 153 164 218 154 163 220 154 161 222 155 160 224 156 160 227 156 159 229 157 158 231 158 157 233 158 156 235 159 155 237 160 154 239 161 153 241 162 152 243 163 151 245 164 150 247 165 148 248 166 147 250 167 146 252 168 144 253 169 143 255 171 142 257 172 141 259 173 140 260 174 138 262 175 137 264 176 136 266 177 135 268 
179 213 145 177 213 146 175 214 147 173 214 149 171 214 149 169 214 150 167 214 151 165 214 152 163 214 153 161 214 154 159 214 155 157 214 156 156 214 157 154 213 158 153 213 160 152 213 162 151 212 164 150 211 166 149 210 167 149 209 169 148 208 171 147 207 173 147 206 174 146 205 176 145 204 178 145 203 180 144 202 182 144 201 183 143 200 185 143 199 187 142 198 189 142 197 191 142 196 193 142 195 195 143 194 197 144 194 199 145 193 200 146 192 202 146 191 204 147 190 206 148 189 207 149 188 209 149 187 211 149 186 213 150 185 215 150 184 217 150 183 219 151 182 221 151 181 222 152 180 224 153 179 226 153 178 228 154 176 229 154 175 231 155 174 233 156 173 234 157 172 236 158 170 237 158 169 239 159 168 241 160 167 242 161 166 244 162 165 246 163 164 248 164 163 249 164 162 251 165 161 253 166 160 254 167 159 256 169 158 258 170 157 259 171 157 261 172 156 263 173 155 264 174 154 266 
161 219 116 159 221 120 158 220 124 158 219 128 156 219 131 154 219 135 152 219 138 150 219 142 148 217 146 147 216 149 146 213 153 145 211 155 143 208 157 141 204 159 140 201 161 138 198 164 137 195 166 137 192 169 137 189 171 136 186 174 136 183 177 137 180 181 138 178 184 140 178 188 142 177 191 145 177 194 148 177 196 150 175 199 151 172 202 152 170 206 153 168 209 154 166 212 155 163 215 157 161 218 159 159 221 160 157 224 162 154 227 164 152 230 166 149 232 167 146 235 169 143 238 171 141 240 173 138 243 175 136 245 177 133 248 178 130 251 180 127 253 181 125 256 
164 216 158 161 216 161 159 216 164 156 216 167 155 215 170 153 213 173 151 212 176 150 210 179 149 209 183 148 207 186 146 206 189 145 204 193 144 203 196 143 201 199 143 200 203 144 198 206 145 196 209 146 195 213 147 193 216 148 192 219 149 190 223 149 188 226 150 187 229 150 185 233 151 183 236 151 182 240 152 180 243 153 178 246 154 176 249 155 175 252 156 173 256 157 171 259 159 169 262 161 168 265 162 166 268 164 165 271 165 163 274 167 162 277 169 161 281 
157 229 117 156 230 119 155 231 121 154 231 123 154 232 125 153 233 126 152 233 128 151 233 130 149 233 132 148 233 134 147 232 136 146 231 138 145 230 139 145 229 141 144 228 142 143 226 144 142 225 145 142 224 147 141 222 148 141 220 150 140 219 151 140 217 152 140 215 154 140 214 155 139 212 157 139 210 158 139 209 159 139 207 161 138 205 162 138 204 164 138 202 165 138 201 166 138 199 168 137 197 169 137 196 171 137 194 172 137 193 174 136 191 176 136 190 177 136 188 179 136 187 180 136 185 182 136 184 183 136 182 185 136 181 186 137 179 188 137 178 189 138 177 191 139 175 193 140 174 194 141 173 195 142 172 197 144 171 198 145 169 199 146 168 201 147 167 202 148 166 204 149 164 205 150 163 207 150 162 208 151 161 210 151 160 212 152 159 214 153 158 216 153 157 217 154 156 219 155 156 221 156 155 223 157 154 225 158 153 227 159 153 228 160 152 230 161 151 232 162 151 234 163 150 236 164 149 237 165 148 239 166 146 240 167 145 242 168 144 244 168 143 245 169 142 247 170 140 248 171 139 250 172 138 251 172 136 253 173 135 255 174 134 256 175 133 258 176 131 259 
165 217 118 163 218 120 161 219 123 160 220 125 158 220 128 157 221 131 154 222 133 152 222 136 150 221 138 148 220 141 147 219 143 146 217 146 145 215 149 143 213 151 142 211 152 140 209 154 139 206 155 138 203 156 137 200 157 136 197 158 135 194 159 134 191 161 134 189 163 133 186 165 133 184 167 134 182 170 134 180 173 135 180 176 136 178 179 137 177 182 138 176 184 140 176 187 141 175 190 144 175 192 146 175 194 149 176 196 150 174 198 151 172 201 151 170 203 152 168 206 153 166 209 154 164 211 155 163 214 156 161 216 157 159 219 159 157 221 160 155 223 161 153 226 163 151 228 164 149 230 166 147 232 167 145 234 169 143 236 170 141 238 172 139 240 173 137 242 175 134 244 176 132 246 177 130 248 179 128 250 180 126 252 
175 213 152 173 213 153 170 212 153 168 212 154 165 212 154 163 212 154 160 212 155 158 212 156 156 212 157 153 211 158 152 211 160 151 210 162 150 209 164 149 207 166 147 206 168 146 205 169 145 203 171 144 202 173 143 200 175 143 199 177 142 197 179 141 196 181 141 195 183 141 193 185 141 192 187 141 191 189 141 190 192 142 189 194 143 189 196 145 188 198 146 187 200 147 186 202 149 186 204 150 185 206 150 183 208 150 182 210 151 181 213 151 180 215 151 179 217 151 178 219 152 177 222 152 176 224 152 175 226 153 174 229 153 173 231 154 172 233 154 170 235 155 169 237 155 168 240 156 167 242 156 165 244 157 164 246 158 163 248 159 162 250 159 160 252 160 159 254 161 157 256 162 156 257 163 154 259 164 153 261 165 151 263 166 150 265 167 149 267 168 147 269 169 146 271 170 145 273 
175 208 135 172 210 136 168 212 137 164 213 139 161 215 141 157 216 144 154 216 146 151 216 149 149 214 153 148 212 157 146 210 159 144 206 162 142 203 164 141 200 167 140 197 169 139 194 172 138 191 175 138 188 178 137 185 181 137 182 184 137 179 187 137 176 191 137 173 194 139 170 196 141 167 199 142 164 201 144 161 204 145 158 207 146 157 211 147 155 215 149 154 219 150 153 223 152 152 227 153 151 231 154 150 235 156 149 239 157 147 242 158 146 246 159 144 250 160 141 253 161 139 256 162 136 260 
179 214 142 176 214 146 171 215 149 166 215 152 162 215 155 158 215 159 155 215 163 153 213 168 151 211 173 149 209 177 147 207 182 146 204 187 144 202 191 142 200 196 142 198 201 142 195 206 144 193 211 146 190 215 148 188 220 149 186 224 150 183 229 150 181 234 151 179 239 152 176 244 153 174 248 155 171 253 156 168 257 158 166 262 160 163 266 163 161 271 165 159 275 
176 212 147 172 211 147 169 211 148 165 211 149 162 212 150 158 212 151 155 212 151 151 212 152 148 211 154 146 209 156 144 206 157 142 204 158 140 201 160 139 198 162 138 196 164 137 193 166 137 190 168 137 188 171 136 185 173 136 183 176 137 180 179 137 178 182 137 176 184 138 174 187 139 173 190 141 171 193 143 170 196 145 168 198 147 167 200 149 164 202 150 162 205 151 160 208 153 158 210 154 156 213 155 154 216 157 153 219 158 151 221 160 150 224 161 148 227 163 146 230 164 144 232 166 143 235 167 141 238 169 138 240 170 136 243 171 134 245 173 132 248 174 130 250 175 128 253 176 126 255 
181 213 142 178 213 142 175 212 142 172 212 143 169 212 144 167 213 144 164 213 145 162 213 147 159 213 148 157 214 150 154 214 151 152 213 152 150 213 154 149 212 157 147 210 159 146 209 160 145 207 162 143 205 163 142 202 165 141 200 166 141 198 168 140 196 170 139 194 172 139 192 174 138 190 176 138 188 178 137 187 180 138 186 183 138 185 185 139 184 188 140 183 190 141 182 193 143 181 195 144 180 197 146 179 199 147 177 201 149 176 203 149 174 205 150 173 207 151 171 210 151 170 212 152 169 214 153 167 217 154 166 219 154 165 222 155 164 224 156 163 227 157 162 229 158 161 232 158 160 234 159 158 236 160 157 239 161 156 241 161 154 243 162 153 246 163 151 248 164 149 250 165 148 252 166 146 254 167 145 256 168 143 258 169 141 260 171 140 262 172 138 264 173 137 266 
172 209 116 171 213 121 168 216 124 163 219 128 159 220 132 155 221 136 151 221 140 148 219 145 146 217 150 144 213 153 141 208 157 140 203 160 138 199 163 137 194 167 137 190 171 136 186 175 136 182 179 138 179 184 141 178 189 145 178 194 149 177 198 150 173 202 151 170 207 153 167 212 155 164 217 158 161 221 160 158 226 162 155 230 164 151 234 166 148 239 169 144 243 172 141 247 174 139 252 177 136 256 179 133 261 
162 212 132 158 215 135 155 216 139 151 216 143 150 214 148 149 212 153 148 210 157 147 208 162 144 205 166 142 202 169 140 198 173 139 195 177 137 191 181 136 188 184 135 185 189 134 182 193 135 178 197 136 174 200 136 169 201 135 164 200 134 158 200 132 153 199 131 148 199 129 144 200 126 139 202 124 135 205 122 131 208 121 128 212 119 125 216 118 122 220 118 119 225 
173 218 162 171 216 162 168 215 162 166 214 162 163 213 162 161 213 162 158 213 163 156 213 165 154 212 167 153 211 169 152 210 171 151 209 173 149 208 175 148 206 177 147 205 179 147 204 181 146 202 184 145 201 186 144 200 188 144 199 191 144 198 193 144 197 195 145 196 198 146 196 200 147 195 203 148 194 205 149 192 207 149 191 209 149 190 212 150 188 214 150 187 216 151 186 218 151 185 221 152 183 223 152 182 225 153 181 227 154 179 229 155 178 231 156 176 233 157 175 235 158 173 237 159 171 239 160 170 241 161 169 243 162 167 245 163 166 247 164 165 249 166 164 251 168 164 253 170 163 255 171 163 257 173 163 259 174 162 261 176 162 263 177 162 266 179 162 268 180 162 270 182 161 272 183 161 274 
176 205 118 176 207 121 175 209 124 174 211 126 172 214 128 170 216 130 168 218 132 165 219 135 162 220 137 160 220 140 158 221 142 156 221 145 154 221 149 152 220 152 151 219 155 150 218 158 149 216 162 149 214 165 148 213 168 148 211 171 147 210 174 146 208 178 146 207 181 145 205 184 144 204 188 144 202 191 144 201 194 144 199 197 145 198 201 146 197 204 148 195 207 149 194 210 150 192 213 150 190 216 150 188 219 150 187 223 151 185 226 151 184 229 152 182 232 152 180 236 153 179 239 153 177 242 154 175 245 155 174 248 156 172 251 157 170 254 158 168 257 160 167 260 161 166 263 163 165 266 164 163 269 166 162 273 167 161 276 169 160 279 
173 209 117 172 212 120 170 215 124 167 218 126 164 220 129 160 221 132 157 222 136 153 222 139 150 221 143 148 220 147 146 217 151 145 214 154 143 211 157 142 207 160 140 203 162 139 199 165 138 196 168 137 192 172 137 189 175 137 186 179 137 183 183 139 182 187 141 180 191 144 180 195 148 178 198 149 176 201 150 173 205 152 170 209 153 168 213 155 165 217 156 163 221 158 161 225 160 158 228 162 155 232 164 152 235 167 149 238 169 146 241 171 143 244 173 140 247 175 137 250 178 134 253 180 131 257 182 129 260 
158 230 115 156 231 118 155 232 122 154 233 124 152 233 128 151 233 131 149 233 134 147 232 136 146 230 139 145 229 142 143 226 144 142 224 147 142 222 149 141 220 151 141 217 154 141 215 156 140 212 158 140 209 160 140 207 163 139 204 165 139 202 167 139 199 170 138 197 172 138 195 175 137 192 177 137 190 179 136 188 182 136 185 184 137 183 187 138 181 190 139 179 192 141 177 195 142 175 197 144 173 199 145 171 201 147 169 204 148 167 207 148 166 210 149 165 213 150 163 216 151 162 219 152 161 222 153 159 225 154 158 228 155 157 231 156 156 234 157 154 237 158 153 240 159 152 243 161 150 245 162 148 248 164 147 251 165 145 253 166 143 256 167 141 258 169 139 261 170 137 263 171 135 266 
179 213 144 173 212 144 168 212 145 163 213 147 158 213 150 153 213 152 149 211 155 146 208 157 143 204 160 140 200 162 139 196 165 137 192 169 137 189 173 137 185 177 137 183 181 139 182 186 142 181 191 146 181 195 149 180 199 150 176 203 151 174 208 152 171 212 154 168 216 155 166 221 158 163 225 160 160 229 162 158 233 164 155 237 166 152 241 168 149 245 170 146 249 172 143 253 174 139 257 176 137 261 178 133 264 
162 213 134 160 215 136 157 216 139 154 217 142 151 217 145 149 216 148 149 215 151 148 213 155 147 211 158 145 208 160 143 205 162 142 202 165 141 199 167 140 196 170 139 193 172 138 191 175 137 188 178 138 187 182 139 185 185 140 184 189 141 183 192 144 182 196 146 180 198 148 178 201 149 176 204 150 173 207 151 171 210 151 169 213 152 166 217 153 164 220 154 162 223 155 161 227 156 159 230 157 157 234 159 156 237 160 154 240 161 152 244 162 151 247 164 148 250 165 146 253 167 144 256 168 141 258 170 139 261 171 137 264 
163 216 157 159 216 161 156 216 164 154 215 169 152 213 172 150 211 176 149 209 181 147 208 185 146 206 189 144 204 193 143 202 198 142 200 202 143 198 206 144 196 211 146 193 214 148 191 219 148 189 223 149 187 227 150 185 232 150 183 236 151 181 240 152 179 245 153 176 249 154 174 253 156 171 257 158 169 260 160 167 264 162 165 268 164 163 272 166 162 276 168 160 281 
179 216 145 177 217 147 175 218 150 173 219 152 171 219 154 170 220 157 168 220 159 166 221 162 164 221 164 162 222 166 160 222 169 158 221 171 156 220 174 155 219 176 153 218 179 152 216 181 151 215 184 150 214 187 149 213 189 148 212 192 147 210 195 147 209 197 146 208 200 145 207 203 145 206 206 146 204 209 146 203 212 146 202 214 146 201 217 146 200 220 147 199 223 147 198 226 148 197 229 148 196 232 149 195 235 149 194 238 150 193 241 151 192 243 152 191 246 153 190 249 154 188 251 155 187 254 157 186 256 158 184 259 159 183 261 160 181 264 161 180 266 163 179 269 164 177 272 165 176 274 167 176 277 
173 209 131 172 211 132 170 212 133 168 213 134 167 214 135 165 215 136 163 216 137 161 216 139 160 217 140 158 217 142 156 218 143 155 218 145 153 218 146 152 218 148 151 218 150 150 217 152 149 216 154 149 215 156 148 214 158 148 213 160 148 212 162 147 210 164 147 209 166 146 208 168 146 206 169 145 205 171 144 204 173 144 203 175 143 202 177 143 200 179 142 199 181 142 198 183 141 197 185 141 196 187 141 195 189 140 193 191 141 192 193 141 192 195 142 191 197 143 190 199 144 189 200 145 188 202 146 187 204 147 186 206 148 185 208 149 183 210 149 182 211 150 181 213 150 180 215 150 179 218 151 178 220 151 177 222 151 176 224 152 175 226 152 174 228 152 173 230 153 173 232 153 172 234 154 171 236 154 169 238 154 168 240 155 167 242 156 166 244 156 165 246 157 164 248 157 162 250 158 161 251 159 160 253 160 159 255 160 157 257 161 156 258 162 155 260 163 153 262 164 152 263 165 151 265 165 149 267 166 148 268 
180 201 127 179 204 128 178 206 129 177 208 131 177 210 132 176 212 134 174 213 136 172 214 137 170 215 139 168 215 140 166 216 142 164 216 143 162 216 145 160 216 147 158 217 148 156 217 150 154 216 152 152 216 155 151 216 157 150 215 159 150 214 162 149 213 164 148 211 166 148 210 169 147 209 171 146 207 173 146 206 175 145 204 177 144 203 180 144 202 182 143 200 184 142 199 186 142 198 188 141 196 191 140 195 193 140 193 195 140 192 197 140 190 200 141 189 202 142 188 204 143 186 206 144 185 208 146 184 210 147 182 212 148 182 214 148 181 217 149 180 219 150 179 222 150 178 224 151 177 226 152 176 229 153 175 231 154 174 233 154 173 236 155 172 238 156 170 240 156 169 242 157 167 245 158 166 247 159 165 249 159 163 251 160 162 253 162 161 255 163 159 257 164 158 260 165 157 262 166 156 264 
157 231 117 156 232 121 154 234 125 152 234 129 149 233 133 147 232 137 145 229 140 144 227 144 142 224 147 142 220 150 141 217 153 141 213 156 140 210 159 139 206 162 139 203 165 138 199 168 138 196 171 137 193 175 137 190 178 136 187 181 137 184 185 138 182 189 140 179 192 142 177 196 144 175 199 147 173 203 149 170 205 150 167 209 151 164 212 153 162 216 154 160 220 155 158 224 157 157 228 158 155 232 160 153 236 161 152 240 163 149 244 165 147 247 168 145 250 170 142 254 172 140 257 174 138 260 176 136 264 
180 211 152 179 214 155 176 214 158 172 213 159 168 212 159 164 211 159 160 211 159 156 210 160 153 210 162 150 208 164 147 206 166 145 203 169 144 201 171 143 198 174 142 196 178 141 194 181 141 192 184 141 190 188 142 189 192 144 189 195 147 188 198 149 188 201 152 188 204 150 186 208 150 184 211 150 182 215 151 181 218 151 179 222 152 177 226 152 175 229 153 174 233 154 172 237 154 170 240 155 168 244 156 166 247 157 164 250 158 162 254 160 160 257 161 157 260 163 155 263 164 153 266 166 150 269 167 148 272 
158 231 116 155 233 120 153 234 124 151 233 128 148 233 132 146 231 136 144 228 140 142 225 143 140 222 146 138 218 148 137 214 150 135 209 152 134 205 154 133 201 156 133 196 158 132 192 160 131 188 162 131 183 164 130 179 167 130 175 169 130 171 171 131 166 173 132 162 175 132 157 177 133 153 178 134 148 179 134 143 178 134 138 177 135 133 177 136 129 176 138 124 176 140 120 176 144 118 178 147 116 181 150 114 185 152 112 188 154 110 192 156 108 196 157 105 200 159 103 204 160 102 209 162 100 213 163 98 217 165 96 221 167 95 226 170 95 230 
179 214 144 176 214 146 173 214 148 170 214 149 167 214 151 163 214 152 160 214 154 157 214 155 154 214 157 152 213 160 151 212 163 150 210 166 149 209 169 148 207 172 146 205 174 145 203 177 144 201 180 144 200 183 143 198 186 142 197 189 143 195 192 144 194 196 145 193 199 147 192 201 148 191 204 149 189 207 150 188 210 150 186 213 150 184 216 151 183 219 152 181 222 153 179 225 154 177 228 155 175 230 157 173 233 158 171 236 159 169 238 160 167 241 162 166 244 163 164 246 165 163 249 167 162 252 169 161 254 171 160 257 173 159 260 175 158 263 177 157 266 179 156 268 181 156 271 
175 206 138 171 207 138 167 208 138 163 210 138 159 212 139 155 213 141 151 215 142 148 216 144 144 218 145 139 218 146 136 216 148 134 212 150 133 209 152 132 206 155 131 202 157 132 199 160 132 195 163 132 192 166 132 188 168 132 185 171 132 181 174 132 178 176 132 175 179 133 171 182 134 168 185 135 165 188 136 161 190 137 157 192 138 153 193 139 149 194 139 145 193 138 140 192 137 136 191 135 133 189 133 129 187 131 126 187 128 122 188 126 119 191 125 116 193 124 112 195 123 108 197 123 104 200 124 101 202 126 97 204 127 93 205 
